0
21
27
57
26
31
1
7
11
32
32
36
26
31
18
6
26
62
52
0
1
21
0
6
31
24
26
7
21
0
26
16
1
6
6
11
31
36
12
6
11
0
13
31
52
21
26
26
16
18
62
31
0
33
31
0
0
37
41
26
31
21
16
6
11
0
11
0
11
16
12
1
6
26
32
18
37
26
11
26
14
0
24
16
26
21
21
11
11
1
11
31
5
73
14
11
26
36
28
17
6
6
31
12
6
11
26
57
0
53
6
31
11
31
31
11
11
11
57
6
17
1
11
21
16
18
34
0
36
0
36
62
11
31
11
6
1
21
33
0
49
16
26
11
6
36
72
6
19
18
31
11
28
6
22
36
26
26
29
22
31
31
11
10
30
0
11
21
31
3
11
0
31
21
0
33
33
1
31
26
31
6
6
1
27
6
6
11
26
0
0
17
31
36
26
6
21
11
26
6
16
31
0
21
6
29
22
6
11
52
12
57
16
22
21
11
-1
0
31
31
16
31
26
31
77
31
31
31
31
21
26
11
11
24
18
6
57
4
21
16
11
0
17
11
25
67
16
26
26
31
16
11
6
38
11
7
77
16
21
1
20
11
11
26
31
9
11
11
27
26
28
21
62
11
13
18
0
27
26
6
16
11
31
21
7
21
18
26
59
17
25
6
11
11
26
11
26
6
31
6
6
16
21
31
21
6
36
0
6
16
12
52
1
26
0
0
0
26
11
26
1
29
0
13
0
6
1
29
11
16
1
1
26
16
16
6
31
11
27
27
6
31
0
22
14
72
2
16
11
21
14
26
11
0
11
0
11
27
16
11
7
29
16
24
28
6
26
21
21
7
27
29
6
0
18
53
7
31
6
13
0
1
31
21
26
24
6
0
22
19
76
52
11
62
11
0
16
19
11
28
18
6
21
36
28
17
21
26
9
12
21
36
72
11
6
23
4
0
21
12
28
11
11
6
16
11
16
11
31
21
11
21
52
2
31
11
1
67
3
0
21
21
21
16
7
12
0
21
57
62
27
16
31
31
11
11
5
0
46
52
7
53
0
34
26
26
0
58
67
26
31
6
6
4
1
1
13
0
57
26
8
6
31
57
34
11
36
12
21
29
52
0
31
57
11
26
32
6
31
14
36
0
23
21
25
47
45
26
26
24
44
31
26
7
26
8
62
44
57
26
26
52
6
47
58
31
31
31
26
16
28
31
2
26
31
12
0
36
33
6
16
31
12
33
21
36
62
24
40
21
1
26
62
31
36
7
14
16
33
52
26
11
1
47
16
26
11
27
11
20
1
26
31
31
16
36
6
26
21
31
0
6
31
16
8
11
0
58
11
6
0
22
24
59
6
17
0
31
12
0
26
31
31
16
6
31
31
21
6
11
21
31
13
31
31
27
11
0
6
13
52
11
36
31
26
12
11
11
11
0
21
29
44
16
12
21
32
21
19
11
22
11
26
5
16
23
26
6
6
21
23
26
32
6
11
11
31
3
31
36
7
26
26
36
21
26
28
11
31
11
26
21
0
6
21
11
12
45
6
26
11
4
11
26
1
53
16
42
6
6
31
6
29
14
36
57
12
47
11
22
49
11
37
62
16
0
35
7
16
0
11
67
26
31
11
29
47
11
31
6
6
31
11
1
12
67
36
31
42
77
26
21
8
36
45
11
57
6
11
31
16
43
16
21
21
56
26
26
58
26
22
11
11
57
21
1
16
11
67
82
27
26
33
11
0
21
11
67
13
6
31
6
12
6
18
32
6
12
1
11
6
11
63
25
51
36
69
13
34
16
21
21
36
31
9
30
31
21
16
6
21
11
21
8
22
21
31
0
26
