0
12
26
16
32
47
0
14
21
26
33
26
32
31
12
11
24
18
6
9
26
6
11
39
31
16
36
11
26
21
21
36
31
0
0
36
9
21
6
11
36
29
23
17
11
1
21
21
26
21
0
19
26
26
21
21
23
3
50
0
26
6
31
8
-1
21
13
6
0
0
12
26
5
0
31
13
1
4
32
26
21
52
31
0
16
26
16
26
21
47
21
23
0
33
21
34
21
26
0
21
26
1
21
11
6
29
26
26
26
13
11
0
11
32
13
16
9
6
9
57
0
26
6
26
7
11
0
45
11
16
31
26
31
36
6
23
26
42
31
11
68
16
16
67
16
14
6
6
0
33
11
6
16
11
0
46
26
11
36
26
21
16
0
7
21
26
11
16
26
31
31
31
6
16
23
23
22
11
7
21
31
31
8
6
0
6
7
16
0
33
7
28
8
21
62
8
6
36
45
31
13
0
11
26
54
31
32
11
36
31
22
36
24
23
11
1
21
11
57
42
11
7
11
21
22
31
0
25
11
23
16
11
26
0
27
52
22
26
72
26
26
23
0
36
21
36
26
27
11
57
11
21
11
31
36
15
12
8
26
26
2
11
30
36
11
58
52
16
63
11
44
0
0
21
11
21
0
0
33
27
50
16
31
26
21
1
21
47
72
16
11
27
74
31
31
17
0
0
1
44
12
60
52
6
25
30
28
6
11
14
10
31
3
15
18
58
31
1
36
6
13
16
13
31
31
32
18
62
11
6
25
52
21
26
16
0
32
9
16
10
13
57
22
1
14
0
31
18
11
25
16
31
44
21
21
43
21
26
48
11
16
11
9
8
0
21
28
11
11
0
11
26
26
11
15
26
22
11
44
6
18
1
33
0
26
31
24
26
16
11
0
8
68
27
18
6
36
0
10
11
22
6
36
11
16
1
14
67
11
16
11
11
12
11
1
0
64
21
21
6
6
26
28
11
11
31
26
11
26
11
23
16
57
29
21
69
21
29
0
31
36
31
30
31
0
21
6
6
0
7
6
16
0
0
21
16
0
7
28
9
31
1
26
45
52
16
6
7
31
11
16
26
62
11
6
21
0
26
1
1
27
0
31
13
43
0
31
14
16
36
1
6
24
26
26
34
52
47
31
47
7
16
4
27
11
42
26
26
36
53
6
1
21
31
20
11
64
16
31
31
6
36
31
11
6
47
36
27
1
0
26
26
16
26
6
16
36
11
57
26
16
11
0
32
6
48
21
28
21
25
31
18
44
1
12
1
31
9
0
0
31
36
0
1
43
31
8
26
0
1
0
68
26
11
4
72
62
21
7
31
21
22
4
67
11
26
31
8
0
11
52
36
31
21
7
25
36
21
21
31
36
26
15
68
80
0
0
21
53
6
26
67
64
72
22
11
26
6
62
26
43
57
16
0
6
6
26
21
43
42
11
21
62
31
13
-1
16
11
6
6
16
22
17
11
58
31
28
11
11
45
31
19
21
12
0
6
15
67
21
26
7
44
26
24
31
57
13
12
57
16
31
10
22
0
26
52
11
52
11
31
24
32
28
6
11
16
9
31
8
31
31
22
12
73
7
13
11
31
21
1
23
13
21
21
31
12
6
47
26
31
11
27
11
62
52
6
7
67
36
26
1
11
18
27
33
20
6
0
6
16
12
