0
21
14
11
16
18
22
27
17
26
11
26
53
31
6
6
5
17
21
16
36
26
40
62
31
11
11
36
72
11
26
15
21
16
21
16
21
21
16
11
53
23
21
26
21
16
26
57
31
21
36
1
26
11
21
31
18
52
57
11
17
16
67
53
21
12
26
21
16
6
21
16
21
31
22
26
26
8
31
52
67
11
31
31
28
57
62
21
16
57
16
31
23
21
22
21
21
11
21
72
26
21
21
16
21
6
32
21
1
21
52
11
6
57
8
23
19
31
31
26
12
62
47
12
26
7
21
22
62
18
6
31
11
22
6
26
1
6
7
18
36
21
11
11
62
6
6
52
11
11
21
21
21
8
21
11
16
6
6
21
36
0
50
26
6
26
21
27
11
11
6
57
21
31
23
21
21
62
11
11
11
9
16
34
57
26
21
16
31
31
16
10
6
47
52
6
16
16
0
73
8
27
31
46
21
21
25
26
16
6
36
19
25
11
17
21
26
1
67
58
16
11
31
15
47
31
26
48
36
26
28
27
8
36
11
16
6
33
11
26
16
67
1
11
31
11
21
6
26
28
11
11
6
26
30
16
21
11
27
47
52
7
26
36
11
36
21
11
26
31
11
52
26
11
26
57
21
16
26
6
26
36
11
21
9
21
36
6
1
21
11
27
16
54
7
11
26
26
31
67
16
9
26
16
1
16
11
15
26
31
25
6
21
11
22
26
26
16
31
27
11
16
28
31
11
22
31
11
16
13
64
31
16
7
29
6
31
6
21
26
22
16
31
6
23
31
23
21
26
27
21
39
36
11
27
27
6
31
16
6
26
12
57
1
21
12
26
31
6
67
6
31
31
11
45
11
21
0
19
6
6
24
6
11
17
68
26
16
3
31
6
21
16
47
47
8
12
26
33
28
11
11
36
16
16
26
6
26
58
26
22
21
26
16
21
23
35
16
31
26
31
50
16
26
21
22
11
26
24
21
26
29
21
31
31
15
16
16
11
21
31
23
32
21
16
8
62
31
6
26
0
11
31
16
16
5
26
27
26
26
11
43
14
26
22
21
0
50
21
11
31
36
21
10
52
26
11
11
37
11
21
31
27
16
16
21
26
16
11
6
47
57
6
16
11
21
21
21
5
16
58
21
4
21
17
11
23
17
11
21
26
7
1
16
21
36
0
6
32
24
2
26
52
11
16
21
26
68
26
11
0
22
67
26
36
21
8
9
47
26
6
10
36
26
26
21
1
31
1
36
63
62
21
1
21
36
17
62
4
6
26
67
21
26
31
26
11
6
11
21
21
30
54
28
16
21
44
57
21
21
31
12
7
19
16
46
6
57
63
18
11
36
16
26
11
26
21
11
47
6
21
11
26
27
37
1
42
6
21
11
6
6
31
26
14
13
26
21
11
33
22
8
6
12
12
26
82
38
26
16
31
16
33
11
6
31
21
11
26
21
11
0
31
26
22
14
31
21
0
6
52
0
16
8
23
26
16
31
39
52
26
21
58
32
1
21
16
12
21
31
29
35
21
19
30
46
30
29
2
31
21
26
26
21
36
16
21
16
26
21
0
47
17
29
23
26
6
21
21
6
47
21
21
31
16
11
16
31
31
6
33
11
11
13
6
21
16
6
26
58
21
6
31
28
11
1
16
21
26
21
26
53
1
26
58
25
21
57
11
16
21
62
26
11
31
31
8
28
26
18
26
13
17
16
11
15
16
11
63
11
1
11
6
8
12
31
21
82
26
26
6
19
31
29
6
31
11
15
12
21
16
11
14
6
26
17
16
6
21
6
26
21
1
11
11
62
19
13
31
31
21
41
26
62
36
11
21
28
16
17
11
14
54
11
26
31
6
26
23
17
69
26
16
29
67
14
52
36
17
21
57
28
62
27
16
16
16
6
6
55
11
52
21
26
16
11
57
17
21
11
21
11
21
72
31
31
8
6
26
36
31
11
57
11
0
21
31
36
21
21
26
17
26
31
27
21
21
72
62
7
31
11
67
24
59
17
21
6
6
16
38
36
16
21
57
26
14
31
21
38
26
21
0
26
30
29
58
6
16
11
25
31
12
1
26
16
26
31
11
31
36
31
36
16
6
16
21
36
6
21
1
16
21
16
52
26
1
17
18
11
21
26
21
11
21
31
11
11
21
21
6
12
31
11
31
9
16
36
57
24
16
29
26
11
17
8
16
26
26
13
16
31
26
16
36
26
12
26
11
31
11
18
28
21
11
21
26
6
6
21
14
16
19
77
15
6
11
31
11
31
26
26
11
52
6
21
16
6
31
17
16
32
11
31
11
26
26
26
27
31
26
1
11
26
11
77
63
21
8
26
6
21
11
11
26
26
11
36
16
31
6
26
6
16
31
11
26
1
31
6
6
21
26
34
11
23
39
36
16
22
36
21
16
7
16
6
36
36
21
1
26
52
21
17
0
21
6
31
36
25
28
67
21
6
31
6
26
6
26
26
12
19
31
62
18
21
8
17
52
26
11
16
11
16
27
26
6
6
53
31
32
36
11
12
67
16
6
31
31
60
11
1
32
21
32
16
31
67
16
5
21
72
36
26
21
31
11
18
52
19
23
6
25
16
26
21
36
58
21
11
6
8
62
31
12
23
42
21
6
6
21
16
11
31
26
16
1
33
0
21
19
27
57
27
22
2
12
21
11
31
11
21
28
21
19
11
21
11
6
7
11
16
16
19
11
6
0
21
11
18
21
28
6
31
21
21
6
33
21
11
26
16
11
11
21
11
11
6
11
28
16
31
26
21
6
57
6
26
11
21
22
6
17
21
0
14
11
26
11
1
31
31
33
21
4
16
1
18
31
16
6
57
67
52
31
6
26
6
6
6
31
27
0
21
13
26
63
16
36
11
26
14
33
11
52
36
11
11
6
16
11
36
11
52
14
11
44
21
11
11
16
31
6
31
21
26
0
11
12
36
11
12
16
10
6
19
35
11
21
27
21
16
3
21
6
52
13
11
27
11
21
22
26
16
32
11
6
8
6
11
30
36
32
6
22
16
67
0
26
26
6
58
7
21
31
54
47
31
58
16
31
21
53
26
36
26
31
11
21
34
53
26
29
26
1
21
26
46
16
31
31
17
10
9
16
21
4
26
21
11
7
11
31
27
14
19
6
17
35
28
28
29
16
62
11
11
72
58
80
48
6
26
11
16
6
6
0
11
16
16
31
18
16
36
62
11
31
47
12
6
1
11
16
26
31
16
6
21
31
11
31
21
18
16
30
23
16
17
31
11
20
60
11
26
58
16
24
26
26
57
27
16
11
31
0
33
6
1
26
23
11
29
31
36
11
11
21
11
6
16
52
17
16
31
28
26
0
26
26
27
72
11
6
16
16
6
23
18
16
6
32
1
2
21
11
53
36
11
21
31
16
26
31
27
57
6
18
0
34
36
2
6
16
22
31
26
26
62
16
17
31
26
21
26
28
12
12
16
26
7
37
72
11
28
0
33
4
1
67
11
26
26
47
29
13
11
31
37
12
17
1
6
16
26
21
31
22
6
21
52
11
26
17
52
16
7
6
26
16
31
31
21
21
26
26
26
6
36
11
11
26
21
11
23
31
31
6
36
47
12
21
57
21
47
11
26
6
11
26
11
1
16
67
52
27
36
37
26
31
32
6
6
1
21
22
16
14
26
15
26
26
21
6
1
26
18
6
8
21
26
23
16
21
31
9
26
19
47
29
11
6
11
26
31
36
10
26
46
11
36
13
9
31
36
11
14
9
31
21
31
26
26
11
6
31
1
31
7
31
21
21
31
0
6
26
42
21
27
57
11
21
21
26
26
21
62
31
0
26
36
12
39
11
21
21
11
11
37
26
29
6
31
16
21
36
11
6
22
32
31
21
12
31
51
11
26
16
31
0
31
9
11
6
21
19
0
31
0
57
26
22
6
11
29
12
26
24
26
26
31
6
11
27
6
26
26
21
36
6
31
35
6
42
62
2
21
31
12
11
31
26
21
12
15
36
7
31
6
21
11
12
17
26
8
24
31
26
21
12
11
21
62
31
7
11
8
25
18
16
10
21
21
73
11
68
6
36
13
0
11
21
11
57
0
28
27
57
26
31
26
12
11
16
31
63
27
18
1
52
16
13
57
11
11
26
16
21
16
49
7
16
11
26
21
0
31
7
16
11
21
52
19
16
21
36
7
17
6
0
11
27
31
55
24
11
31
6
0
31
21
18
21
21
36
26
21
30
21
27
11
31
21
16
21
26
21
26
26
27
14
67
8
33
11
47
11
21
26
29
26
6
27
16
31
12
21
11
26
57
26
6
16
30
6
15
31
26
16
42
11
21
26
21
68
26
16
14
26
6
26
6
6
21
16
16
31
19
16
68
32
21
36
0
12
11
26
11
11
26
31
31
12
0
26
11
37
36
16
0
26
11
6
63
1
6
11
31
21
11
17
52
10
11
22
53
16
31
0
11
62
1
36
21
6
21
31
26
1
36
31
27
31
26
7
54
35
12
6
6
26
13
22
31
21
53
21
11
7
8
16
36
21
26
21
21
24
31
31
26
51
13
20
23
6
1
31
0
0
26
3
31
15
15
21
16
12
11
11
22
12
57
16
62
26
32
0
26
19
21
11
23
31
26
22
21
16
21
21
16
31
1
26
22
16
15
26
14
0
12
32
16
52
6
16
12
26
28
26
23
57
0
33
11
1
21
6
11
21
1
37
31
21
7
26
31
11
6
31
16
2
22
18
26
57
11
36
6
58
31
26
16
16
68
26
29
11
21
36
21
31
26
21
62
26
31
11
26
21
31
1
13
11
11
31
17
31
21
9
8
6
19
22
12
21
21
23
26
11
6
31
6
6
31
0
57
16
21
11
11
6
53
11
6
26
21
26
21
26
17
31
64
37
16
11
12
42
29
13
16
22
12
26
12
24
26
21
26
