209.848
197.644
201.168
234.676
226.813
248.172
171.135
206.326
188.103
189.408
194.05
180.343
190.987
245.513
204.752
192.449
227.627
250.721
195.612
177.454
204.234
212.353
202.848
197.209
207.506
161.412
201.457
203.909
157.89
206.644
185.363
172.424
172.629
183.664
192.998
190.026
203.377
196.743
183.383
209.951
222.131
200.271
199.769
161.589
194.742
209.214
206.496
171.896
190.823
219.586
227.181
161.157
215.99
195.138
205.552
239.349
211.228
229.963
177.312
210.392
204.685
173.794
246.923
191.419
211.908
165.475
237.224
211.755
216.401
204.315
200.255
181.938
174.512
249.43
208.34
190.937
210.207
188.137
241.049
228.142
166.871
217.965
213.687
215.67
217.782
173.95
171.072
211.462
187.302
241.52
173.4
181.703
211.983
157.034
210.055
204.539
183.806
192.953
207.853
213.461
200.544
152.456
205.823
179.266
198.501
188.382
157.18
175.684
224.462
203.992
226.204
189.022
188.23
171.207
207.063
225.13
226.608
183.335
212.624
137.712
254.583
204.164
214.856
192.014
200.016
192.485
207.935
206.322
182.991
184.919
223.779
216.305
179.714
198.353
185.949
224.747
212.166
229.252
207.05
223.076
260.506
172.339
254.038
218.05
193.372
168.256
170.263
193.002
236.107
202.204
218.568
207.497
204.372
171.72
223.352
169.422
189.878
199.602
177.816
192.62
205.137
217.991
188.24
209.286
219.612
202.78
173.347
182.981
186.557
200.056
198.431
177.855
175.727
196.778
197.294
186.803
173.026
249.967
172.737
203.419
180.677
194.256
154.25
207.793
230.035
201.871
221.135
174.737
208.159
180.189
244.334
202.178
216.742
199.601
148.04
187.803
220.792
177.17
199.19
124.186
182.768
192.987
168.522
196.513
161.477
162.777
173.719
198.169
153.529
188.985
228.423
172.333
223.151
196.007
247.512
214.854
207.725
186.093
191.493
185.206
201.406
194.889
252.035
156.075
173.354
185.338
191.1
199.404
164.643
197.634
205.095
163.199
163.026
185.306
202.915
169.744
180.807
184.524
151.177
204.523
209.067
212.601
194.697
236.938
170.002
216.904
205.359
225.817
183.28
199.884
237.951
192.186
201.598
192.598
212.531
201.929
175.991
184.083
210.745
215.271
187.005
210.975
194.125
196.414
207.889
233.036
181.748
153.28
161.129
157.369
212.71
201.543
225.238
182.393
162.925
224.822
203.479
177.982
243.542
193.764
169.528
199.764
177.274
199.175
227.062
173.914
195.211
201.257
187.58
216.885
206.89
233.473
203.643
176.328
215.147
167.359
162.802
178.203
208.277
192.041
181.835
192.021
176.759
209.024
175.675
207.447
173.556
162.993
188.044
179.336
214.243
228.19
164.884
209.969
185.661
172.433
173.819
176.514
189.284
151.803
196.844
179.192
159.883
172.801
185.312
169.154
196.219
231.153
191.128
141.779
194.254
162.822
214.657
193.853
165.555
192.057
205.183
171.312
233.873
192.293
207.914
175.866
203.504
194.087
184.317
164.832
185.199
242.727
196.827
241.468
196.605
197.853
194.06
158.232
177.938
205.302
185.227
198.841
188.113
190.08
196.054
188.508
203.304
188.532
178.631
180.54
166.938
197.474
187.046
184.319
212.477
199.142
202.944
191.067
151.67
166.606
209.383
188.575
192.19
209.832
170.083
192.062
175.887
152.275
163.956
181.148
182.998
187.878
154.023
209.032
167.569
202.979
167.394
162.207
177.119
220.864
165.694
139.412
182.937
178.026
188.515
160.195
207.683
172.443
152.394
179.61
183.549
161.041
164.628
201.226
154.757
159.742
184.036
172.579
211.094
191.032
154.201
172.318
164.44
165.504
225.376
224.855
164.292
175.234
159.531
192.423
187.452
202.033
220.013
193.83
182.803
157.948
179.121
182.088
158.171
180.807
218.497
171.451
171.872
172.065
160.261
206.459
212.426
185.601
173.022
181.011
196.804
216.724
166.427
187.41
202.342
189.064
182.956
188.37
190.719
163.061
212.159
173.24
182.195
185.271
240.698
179.565
169.572
159.83
175.047
177.254
200.813
191.371
183.555
184.249
145.036
147.744
194.473
207.743
203.297
178.203
145.79
157.81
205.719
185.956
198.317
211.872
133.079
165.213
207.827
200.209
198.454
138.753
198.839
172.074
154.933
158.815
173.049
217.077
179.893
197.512
175.73
153.916
200.56
191.18
184.784
214.185
149.742
161.985
198.901
173.24
148.348
156.464
176.596
186.793
215.865
243.658
137.152
173.172
210.229
175.332
203.471
195.711
195.536
169.21
211.12
183.368
155.03
190.593
195.483
146.987
167.038
184.756
164.627
220.392
160.035
167.73
171.18
161.23
181.563
157.809
183.782
165.998
208.152
169.269
184.615
178.408
162.207
176.474
170.849
172.161
150.563
144.176
191.265
200.278
173.402
160.125
188.128
168.94
208.799
189.195
157.609
160.879
233.452
171.809
153.598
192.224
152.09
171.11
206.937
174.71
170.224
170.925
182.699
217.677
175.276
173.391
192.927
173.604
163.058
165.867
188.92
145.177
170.913
193.62
211.986
203.288
166.762
154.049
160.497
167.505
174.491
181.218
180.162
162.249
155.476
196.999
179.722
194.377
169.932
186.788
210.012
153.541
176.793
150.297
141.058
174.797
166.109
159.206
158.46
155.692
179.113
128.467
152.743
186.868
181.955
189.932
159.666
228.226
175.61
181.263
114.915
175.838
174.109
159.642
188.589
159.773
174.408
175.565
180.372
184.026
206.778
193.198
164.942
160.907
180.127
229.732
182.014
203.881
132.361
186.572
121.632
165.292
189.744
203.78
193.795
141.532
171.393
169.083
179.712
164.36
158.831
140.456
145.748
159.173
173.472
142.836
175.036
166.031
175.162
214.327
197.933
153.364
136.628
155.075
188.57
200.652
178.466
168.829
161.802
205.919
152.312
179.429
142.148
136.208
157.571
175.635
149.581
164.746
179.462
168.888
145.638
172.365
178.451
143.33
165.862
175.605
159.118
174.022
135.47
143.364
176.231
200.165
160.283
163.228
160.123
168.511
158.381
139.711
132.875
167.356
162.259
145.589
195.141
157.842
157.991
152.284
146.833
142.426
203.019
193.371
164.015
182.97
167.226
195.389
194.597
179.591
151.776
175.467
173.151
162.153
174.415
166.155
143.322
175.765
187.452
151.949
172.719
156.486
171.808
137.026
184.569
209.001
142.992
161.567
154.795
152.686
176.826
187.23
195.638
188.859
152.042
141.602
170.992
148.55
147.89
170.982
159.653
151.009
166.468
171.314
167.97
142.469
148.555
180.428
195.375
161.319
141.077
123.661
171.99
181.223
193.418
166.93
152.261
167.677
159.263
162.547
173.176
141.286
207.403
159.43
168.205
212.204
136.349
155.626
162.151
136.247
151.456
156.34
140.478
126.862
181.846
139.032
157.46
234.813
179.691
155.103
208.51
160.564
146.658
131.917
180.93
183.511
143.121
132.559
158.31
188.24
122.795
150.795
134.387
148.959
137.316
152.308
149.373
179.306
162.835
124.136
146.503
153.358
129.904
129.448
200.583
156.171
146.53
180.177
194.295
156.386
132.284
103.65
139.152
170.366
160.782
212.808
173.806
134.862
159.33
166.2
192.431
162.447
173.083
156.86
184.485
173.739
125.302
123.489
185.266
103.755
188.406
126.097
141.409
139.28
147.136
154.257
148.217
128.997
147.815
179.891
198.715
134.788
144.366
167.307
122.404
165.29
140.778
167.961
158.745
154.299
135.24
135.806
116.781
167.798
135.296
144.504
168.355
147.147
173.938
143.94
174.805
140.235
183.55
138.636
151.995
151.259
136.727
178.986
149.303
148.461
163.199
176.405
192.909
180.436
141.659
172.181
122.518
144.202
132.548
163.493
166.275
183.918
158.092
146.641
153.148
138.267
118.864
145.702
130.406
161.494
159.274
115.002
179.464
165.561
140.558
175.533
155.526
176.855
136.347
151.145
172.19
113.722
119.663
182.001
154.54
168.248
134.498
144.925
136.865
180.796
189.971
139.373
176.675
127.499
169.932
146.239
162.561
127.348
140.559
169.345
140.073
170.824
196.171
143.913
131.768
119.431
125.541
156.68
136.061
127.049
142.115
162.8
160.233
138.75
111.562
153.16
137.011
145.997
151.448
77.8611
149.426
155.584
161.159
113.083
127.011
148.025
138.166
141.209
150.981
148.306
151.614
181.86
161.153
143.944
163.291
146.569
145.628
117.204
140.982
155.677
179.081
146.696
137.515
150.639
170.732
140.52
147.337
156.244
92.6508
171.208
155.888
126.813
129.29
147.873
140.516
145.663
128.946
126.639
172.271
137.135
129.778
175.943
173.865
153.129
122.119
160.134
132.872
160.029
132.026
155.101
143.31
139.154
147.553
136.613
110.883
130.856
126.609
168.826
125.273
108.37
141.472
166.779
178.452
161.01
141.4
153.652
124.717
157.1
168.078
134.578
132.675
103.792
143.145
115.955
137.461
98.5736
138.123
116.65
135.244
125.046
139.546
107.197
150.844
152.8
139.976
194.58
191.38
124.339
133.33
146.838
191.739
152.71
118.46
147.585
126.719
173.871
101.694
135.944
132.73
151.62
167.722
131.288
127.102
138.482
121.664
123.496
169.929
162.263
127.33
175.967
138.829
157.226
125.72
122.198
144.758
152.124
177.047
195.766
118.779
109.315
161.179
129.596
128.603
130.945
153.707
119.825
133.156
127.667
166.276
137.262
126.502
205.609
130.904
138.455
165.267
123.345
109.579
158.892
144.824
117.052
145.204
117.798
132.634
107.293
153.24
148.039
150.632
135.067
147.039
126.351
164.084
166.154
122.63
185.203
95.8159
129.22
107.092
160.57
108.312
123.378
149.69
142.246
134.416
99.4914
104.36
159.418
156.195
118.835
164.681
123.994
140.346
127.888
140.305
139.476
134.017
138.062
175.852
158.807
188.711
134.068
121.866
93.3588
142.599
112.084
133.538
149.317
127.056
121.307
134.676
134.339
102.496
129.492
197.651
168.514
125.912
119.047
109.523
110.196
119.481
109.747
103.614
131.484
128.287
128.419
124.407
160.397
127.59
111.473
155.906
139.742
158.527
138.35
174.394
155.164
119.005
154.244
146.105
159.631
126.552
163.532
113.032
112.391
118.519
95.8709
126.195
144.123
119.621
111.853
144.607
113.956
162.642
144.127
118.861
132.407
136.014
112.007
141.92
116.777
143.831
131.292
152.595
114.602
142.771
149.887
134.976
118.363
107.868
132.446
151.835
139.357
149.64
107.149
116.401
122.607
171.72
103.542
99.8528
127.968
124.332
136.206
157.91
127.692
114.731
180.215
140.689
130.117
123.482
147.878
112.258
130.192
146.243
118.792
129.993
100.961
116.662
130.154
153.303
133.756
113.893
131.813
112.071
138.097
123.291
144.237
145.271
119.75
141.821
135.078
127.896
124.113
102.326
116.821
146.2
122.82
109.255
200.131
133.579
139.611
125.161
109.368
116.051
124.356
130.251
120.55
120.228
123.421
123.534
134.154
147.203
119.632
135.219
118.298
108.073
104.657
113.952
136.648
187.95
113.308
122.077
134.214
129.026
139.16
134.518
124.764
164.777
154.633
114.467
108.16
125.558
138.421
108.404
121.788
119.861
105.836
158.87
144.322
109.156
132.254
139.467
105.843
129.913
133.095
124.391
106.868
115.262
110.501
142.286
102.632
115.052
108.138
124.366
146.666
130.657
142.149
146.839
132.356
122.771
121.89
116.126
128.424
148.006
105.448
143.693
159.337
117.449
95.1951
125.969
154.012
153.229
141.013
135.481
124.039
140.723
121.207
137.978
84.2738
93.716
152.458
134.864
125.542
100.165
132.129
114.714
158.448
133.337
114.59
135.111
153.801
127.577
138.992
132.534
121.236
118.469
99.5893
141.647
166.947
104.31
134.82
97.0288
142.644
104.476
148.105
139.765
105.539
149.476
109.527
116.073
163.867
126.589
144.791
123.778
105.016
172.854
89.4612
117.715
103.618
102.569
104.088
128.623
144.049
148.533
98.8594
143.186
101.227
101.151
150.65
115.244
111.117
124.548
105.296
106.623
123.064
126.488
111.735
152.231
85.2153
125.836
141.357
113.141
108.024
151.515
127.66
110.413
121.762
115.863
100.858
163.211
133.534
176.512
117.587
145.291
106.111
117.037
102.051
157.805
109.106
133.153
116.462
132.38
124.638
129.078
133.064
154.689
77.073
123.669
125.99
118.477
133.011
146.957
135.148
107.364
111.641
139.349
113.481
66.3205
118.84
177.595
120.648
122.53
119.037
125.994
103.605
90.0101
134.115
112.503
95.9562
118.993
117.382
104.421
134.591
140.017
83.7007
136.455
115.281
147.256
141.053
97.1975
129.736
130.711
152.304
99.4748
148.238
135.111
93.7419
155.707
132.816
122.205
132.701
114.149
101.637
118.753
116.238
148.738
133.519
124.635
138.717
119.231
154.252
147.6
103.429
151.911
102.003
119.391
98.5861
127.994
99.8715
104.019
119.939
114.67
115.726
86.8204
114.789
125.314
134.134
102.187
113.474
147.233
95.383
120.939
174.368
127.974
119.802
112.797
153.726
107.188
97.6758
113.088
123.279
116.881
142.762
122.883
115.841
120.108
124.648
151.161
116.152
122.018
109.266
100.925
127.502
167.768
126.1
114.229
137.79
133.539
167.564
120.721
92.4202
123.286
146.09
109.711
148.887
126.572
133.277
105.742
142.022
113.878
119.442
103.973
117.639
146.921
142.575
99.5148
70.009
121.414
111.928
134.859
98.0782
105.046
140.331
166.752
110.573
112.686
131.723
105.13
123.594
135.517
94.0859
104.186
120.145
84.7616
121.036
134.777
150.464
96.6984
101.72
111.079
114.026
168.754
105.12
158.255
158.922
100.841
112.503
130.065
131.006
117.483
116.915
127.237
143.156
114.516
94.4354
94.7749
120.229
139.544
99.5629
171.533
133.993
93.6168
109.417
123.579
89.5407
130.324
98.6984
130.695
87.8187
79.4338
143.079
102.51
130.591
156.063
151.816
94.4792
87.2804
104.551
114.535
103.411
107.536
85.2726
134.767
104.661
105.334
113.489
93.9217
129.119
114.432
138.355
126.826
105.559
135.719
104.024
110.771
111.353
104.041
122.848
119.665
126.997
105.238
89.9905
170.161
77.8935
135.731
109.821
131.913
124.6
169.815
126.701
112.413
87.9747
126.067
122.59
132.301
149.581
113.178
91.8007
78.231
121.185
149.898
78.9315
108.382
115.737
114.458
136.722
115.773
137.108
131.205
77.4537
133.046
126.045
120.858
100.935
111.623
80.5209
143.586
96.8656
103.16
59.8222
90.5005
92.6894
144.379
118.661
113.13
111.859
115.093
91.2798
145.906
107.919
110.509
117.965
109.897
144.821
183.372
99.4025
200.237
122.285
107.725
116.746
138.383
97.5293
125.702
103.049
81.2777
138.603
147.757
133.608
136.597
98.4709
104.532
99.7549
87.3294
113.466
135.226
98.7827
116.553
140.497
93.5047
127.432
97.6887
140.91
115.681
113.845
99.3342
99.0095
119.314
121.308
91.7252
108.059
113.572
106.378
96.7004
118.11
111.935
123.688
147.368
100.058
124.674
135.94
89.7667
83.103
131.434
142.174
120.521
126.271
111.002
114.302
74.6948
95.0335
110.221
66.4358
106.909
117.116
138.971
133.675
112.19
138.903
126.596
123.609
139.884
125.815
133.879
132.244
102.864
134.107
97.6807
96.6446
113.779
140.527
116.368
130.49
119.383
99.0184
125.428
93.263
121.955
112.533
156.133
116.399
163.017
122.542
109.257
101.659
94.3248
101.629
131.614
117.511
77.3095
112.817
126.273
132.841
147.955
111.543
122.793
88.1354
156.438
132.324
110.138
127.619
129.295
175.927
95.1155
111.756
111.536
94.8921
90.9025
117.112
127.495
118.598
126.242
110.247
110.933
93.0995
94.6989
121.057
94.7442
197.853
121.926
88.492
112.015
101.484
125.936
127.433
103.916
121.463
94.9213
138.782
88.4495
130.882
65.5634
123.072
139.036
91.4163
101.564
126.3
131.918
128.179
104.825
108.96
98.0006
136.081
78.6921
124.334
110.798
101.627
118.6
107.389
93.3899
133.382
102.823
124.876
128.207
102.056
113.118
83.1146
148.308
99.7032
112.488
133.696
104.567
99.5032
143.143
84.7264
122.491
76.7218
153.152
88.0502
133.707
134.294
86.5258
124.64
104.653
125.092
136.572
89.8957
106.098
95.8489
138.387
124.223
103.133
100.868
130.609
94.7498
80.8597
130.415
105.451
128.86
110.785
102.27
121.737
117.096
137.428
108.859
111.758
124.217
113.679
151.549
136.564
136.256
94.3124
140.494
105.578
106.808
139.231
129.392
106.018
55.0649
97.8087
89.6136
93.8594
127.313
115.584
82.074
100.497
118.499
93.911
125.769
112.901
130.066
109.111
128.122
122.128
129.774
144.201
145.149
166.994
135.105
173.732
91.2997
96.4388
80.031
80.6335
122.139
130.527
107.906
92.6125
128.256
140.435
91.7679
102.452
133.462
135.606
130.331
109.219
108.837
120.792
97.6603
101.668
88.1009
101.422
143.761
86.1459
147.588
146.089
112.597
128.766
136.0
125.378
108.191
146.472
97.6112
55.2601
94.7025
105.516
104.898
76.3063
111.463
106.222
111.476
99.931
105.716
127.096
124.093
114.629
119.968
129.348
108.717
106.794
101.494
93.648
113.364
113.618
110.011
107.675
159.048
94.5086
117.745
126.629
65.3362
122.734
132.022
131.8
97.0066
84.2974
133.671
83.8513
117.241
116.425
132.14
123.265
110.202
135.054
139.667
117.698
83.8753
102.482
152.198
84.0887
132.715
73.4814
83.3733
82.8478
134.875
90.9416
123.083
109.084
122.82
98.7513
72.5777
154.987
114.494
143.085
136.373
94.4252
107.996
111.52
124.974
81.5561
122.999
135.154
78.6283
104.805
139.028
130.346
127.231
112.122
93.5181
125.99
126.353
115.372
104.346
100.263
130.248
145.443
105.549
97.5068
134.314
103.73
104.021
124.282
88.4534
163.414
134.421
75.9892
102.129
126.099
115.338
77.3536
106.192
118.824
126.842
114.052
111.69
90.8233
99.6947
135.153
102.403
120.895
69.268
110.32
104.271
130.297
147.32
126.622
76.3151
102.091
110.701
115.717
160.481
112.94
128.118
121.021
113.956
105.998
91.7067
83.2923
121.883
107.226
90.3275
105.497
135.441
133.17
149.583
95.751
77.0004
83.3546
130.204
97.1755
111.535
99.1729
127.882
112.491
118.611
102.521
113.449
106.038
87.0649
132.739
84.1826
147.612
110.418
112.15
109.979
94.8253
137.229
110.278
115.779
123.223
64.9541
85.6008
90.7829
75.0272
93.5204
167.334
85.0593
161.162
127.253
107.694
108.352
104.37
85.3302
77.3726
122.227
88.6571
95.4693
162.153
135.156
115.664
112.868
128.238
112.999
107.889
120.351
130.598
123.296
127.527
86.0765
116.227
108.058
125.757
121.619
84.8785
142.215
126.211
133.269
85.3731
131.764
144.43
164.139
129.042
103.675
95.1176
122.301
123.925
82.2016
73.8146
122.392
129.957
131.635
113.724
124.442
111.464
69.3647
86.6848
106.421
144.669
99.627
85.6324
88.6198
118.062
104.33
113.495
155.882
107.217
126.714
147.235
136.076
92.353
110.086
157.422
165.0
98.7688
113.486
108.3
120.114
144.708
105.115
127.474
120.275
91.408
131.946
98.3908
126.781
84.68
119.13
95.3895
149.158
120.919
98.5077
87.9346
90.2704
129.377
105.277
110.589
135.019
121.736
85.0153
104.857
86.3187
82.5908
121.49
136.837
123.476
119.669
92.6098
78.4373
113.524
126.91
85.8343
110.175
101.878
121.538
144.388
83.1914
118.159
88.4395
94.432
123.854
116.177
125.073
128.729
80.9422
100.266
139.961
98.2695
131.765
116.133
119.037
114.181
127.378
103.825
95.6925
123.954
109.07
107.441
114.362
96.4834
92.686
97.626
66.9103
134.562
112.463
138.438
87.823
117.563
120.899
99.1202
110.32
78.5391
98.6277
136.675
85.0651
86.4013
99.0238
109.285
92.5134
162.624
120.116
106.845
108.965
103.448
122.393
107.087
119.361
102.778
79.142
109.046
112.047
96.835
106.918
157.627
108.098
105.857
110.246
125.069
145.454
92.6232
103.051
100.918
106.882
125.447
103.443
82.0647
133.345
80.9963
135.285
162.022
113.758
100.278
134.246
79.319
106.279
84.3876
136.142
83.2781
110.645
102.936
91.4243
120.076
149.402
84.4084
125.003
113.48
121.571
131.282
96.3823
104.184
113.901
118.697
106.75
73.9179
114.017
103.355
143.908
77.627
129.384
108.121
148.954
95.4155
104.359
104.582
145.968
117.755
142.51
115.349
99.9014
135.002
136.393
131.361
82.8234
119.463
127.086
133.785
84.6772
100.49
98.9839
113.054
69.269
82.2076
128.977
105.983
147.791
105.531
128.476
77.4339
135.264
122.558
76.4557
101.778
100.228
132.716
85.0888
117.909
114.784
117.523
44.5398
101.202
107.057
112.177
124.016
143.394
113.338
113.931
118.876
98.223
99.8411
101.93
111.175
135.142
110.21
135.348
85.3824
95.6619
107.795
142.66
122.839
102.47
115.802
82.8947
130.983
83.6458
94.5273
96.2768
78.4759
115.646
131.374
114.843
94.8492
138.283
99.9131
118.473
101.619
96.6345
109.097
110.2
99.2812
88.5746
98.0305
126.572
150.985
105.881
102.937
102.324
155.988
109.976
140.3
84.2956
99.5195
119.203
153.512
79.0274
137.886
116.821
103.913
117.945
106.166
109.754
115.205
96.6638
133.25
110.634
138.257
113.863
97.5452
114.01
79.5696
121.001
98.3546
146.812
136.103
135.146
92.4823
87.1469
83.5065
108.173
98.6524
95.8177
139.343
159.208
120.56
83.2585
109.403
117.842
106.168
110.762
89.8599
103.85
80.8277
88.9283
146.851
106.245
98.0643
67.7827
92.6949
105.772
99.7846
97.2565
118.555
104.409
88.1203
157.423
114.191
121.582
102.494
119.113
122.214
134.303
114.613
127.205
134.296
77.7376
85.5226
131.379
121.124
104.686
111.195
82.6897
156.149
120.701
150.576
104.244
133.252
124.972
100.567
135.774
151.979
120.317
79.1239
100.568
107.797
140.931
102.706
91.6923
118.318
108.073
122.37
143.951
117.304
144.361
121.424
119.372
93.0623
97.9789
81.0982
113.43
99.7277
93.1837
75.8416
81.9565
117.579
133.435
151.912
127.336
86.9256
97.2454
97.4071
116.15
85.7047
115.195
112.676
99.2617
97.6642
123.362
85.178
78.5247
89.1236
136.0
128.779
99.0608
105.598
78.95
140.258
101.025
106.153
102.529
96.1233
108.15
117.488
75.9818
89.4224
147.047
88.5308
95.0753
102.315
104.802
95.0531
136.933
76.8881
107.194
90.0046
141.967
156.746
101.643
135.066
112.394
95.1429
103.062
125.565
138.671
147.603
94.5552
105.217
110.92
106.11
129.711
90.344
74.182
117.994
103.501
73.2944
119.476
177.966
96.0364
78.7944
105.376
124.944
120.209
96.4751
128.642
112.934
99.4877
100.937
111.523
97.8617
78.1581
81.8514
72.2892
134.817
125.16
159.062
131.442
116.54
159.217
113.625
131.732
93.6433
94.9649
124.191
128.551
124.753
111.902
132.338
124.714
102.439
78.1706
90.6933
85.0333
108.705
135.247
90.8384
78.9564
112.223
104.4
136.123
87.8309
124.343
117.787
89.1254
99.0154
88.1517
89.8571
106.303
111.072
84.9218
126.042
112.67
122.365
71.3345
108.343
91.7148
70.9891
117.013
124.551
123.59
81.4272
64.3887
131.881
148.023
67.6696
102.26
120.967
113.143
113.037
75.0279
118.06
121.672
94.7595
167.644
67.533
181.933
153.867
127.462
133.759
63.0207
110.82
114.863
112.831
106.255
76.6176
102.904
123.919
118.344
108.409
97.1746
81.5599
99.2356
98.495
117.216
145.18
140.377
92.2615
143.958
111.612
125.057
104.644
122.731
112.077
79.3598
99.5485
62.8437
136.262
56.1035
156.298
90.287
134.525
93.0192
117.377
96.0879
81.2837
159.798
80.3037
122.321
136.091
125.032
89.4503
111.613
109.162
102.329
130.331
65.2923
152.542
115.045
105.142
109.125
107.486
120.141
96.3383
128.788
76.0789
89.1304
116.042
121.328
111.618
114.214
113.929
102.032
75.4187
106.138
129.892
118.384
78.0356
103.531
106.977
155.706
98.0851
99.7281
135.849
114.602
151.742
71.9608
130.092
80.2942
71.5252
121.187
95.6987
160.836
119.117
93.187
78.8441
148.325
167.2
107.742
85.1634
99.2722
57.674
139.661
135.813
99.1224
102.272
100.81
102.057
103.296
101.948
108.391
88.021
94.6832
80.5692
110.038
87.4111
97.9693
97.684
111.04
86.7186
115.408
67.6968
85.851
145.461
93.0516
111.027
122.606
103.465
92.1176
118.217
149.351
115.854
107.783
114.212
136.514
107.148
91.358
92.2569
115.31
110.788
167.043
107.02
129.796
83.5837
103.842
92.0464
96.5676
78.2461
56.9855
86.6404
90.9979
79.735
105.426
121.444
93.3258
115.288
78.7129
116.906
105.693
86.127
86.3707
97.7169
125.621
79.9946
144.303
119.834
81.3309
106.287
141.98
116.315
129.287
92.7046
115.488
93.5452
104.11
131.364
148.851
121.963
108.322
119.82
95.2527
89.4699
95.1535
100.17
94.5473
143.577
94.2
124.114
69.4098
129.296
130.414
81.8216
154.195
101.259
62.3842
96.8165
92.7752
86.299
128.783
82.3213
87.897
114.794
91.3124
107.569
137.525
99.3144
107.493
80.4935
99.1655
111.535
133.845
130.047
97.0345
102.168
123.771
146.941
128.529
117.351
93.3414
155.621
101.9
115.447
107.795
101.472
62.2753
115.038
69.2584
97.048
73.9875
132.945
109.392
99.7307
97.9172
131.143
79.9787
100.489
93.0496
108.828
119.781
102.979
102.647
98.6968
119.588
77.8374
92.9514
96.8144
69.7853
119.922
105.525
108.131
118.329
137.419
93.9677
100.861
167.324
115.108
104.732
98.3502
117.791
115.398
128.663
134.516
82.8116
89.5721
85.6089
137.283
97.9826
112.653
48.1909
73.1033
156.175
95.6757
117.439
133.85
83.327
101.816
99.2771
73.6952
83.9715
77.574
114.615
124.016
92.5283
119.549
116.727
130.62
88.6749
93.7792
130.998
105.718
96.4912
185.12
99.9934
101.896
70.4625
109.294
97.0076
147.85
97.7446
133.613
62.5028
72.9108
66.085
102.12
122.278
99.6023
98.1481
95.7701
115.4
133.656
113.286
99.1699
120.93
83.9538
137.991
78.5282
115.896
82.3716
156.764
100.313
77.6731
142.095
113.078
85.584
109.884
92.7189
135.809
186.439
145.722
112.719
106.511
76.2167
90.0036
102.4
136.285
115.87
80.4552
88.1703
145.415
115.154
122.988
146.932
121.868
104.489
98.147
114.672
104.546
108.314
144.379
75.4
109.987
131.523
112.69
106.423
87.6621
98.1601
83.4666
87.1243
121.736
122.567
112.685
102.654
125.453
130.504
88.2657
104.491
87.0672
81.3902
96.232
92.3237
86.5316
99.163
126.251
162.098
74.2116
91.183
119.879
106.243
135.842
76.3955
111.081
124.151
130.969
125.774
122.405
175.737
88.5036
127.307
114.92
140.47
91.5116
88.6639
165.911
98.1184
117.792
98.4948
108.186
76.8803
98.4962
102.171
135.89
145.392
115.986
116.899
139.389
85.3575
76.358
110.796
102.117
79.611
107.248
101.299
110.882
105.834
104.51
110.835
128.322
105.176
111.277
112.093
116.301
75.9677
125.675
75.5928
87.0855
133.978
132.478
139.925
131.083
90.8419
133.574
103.45
63.6644
71.9847
88.9416
124.746
137.618
84.8996
194.814
102.198
76.6309
99.2741
87.1126
81.885
95.4622
99.9535
117.187
103.372
116.459
95.7345
86.1806
97.4035
78.1424
92.5632
139.061
88.6501
106.354
93.5605
120.218
154.853
122.741
73.4841
109.245
124.466
95.2451
94.7464
93.5252
79.7936
105.412
88.4284
86.6617
90.0318
119.346
112.75
111.234
102.319
126.63
146.596
112.825
96.9084
88.437
104.808
81.0281
139.627
88.8143
141.238
97.5712
114.655
90.027
93.5428
85.1879
143.401
141.043
121.059
112.118
92.2823
112.002
106.766
146.604
132.02
113.447
101.513
98.8163
108.5
142.748
117.011
74.7689
81.1363
117.943
148.734
117.924
78.1944
120.416
126.016
87.4801
96.744
85.2934
60.7611
130.131
88.171
127.376
123.257
84.6703
133.331
88.1726
144.062
116.604
103.491
132.004
96.5356
94.9234
83.1851
126.982
109.19
121.454
60.4317
116.47
94.5751
73.0786
71.9346
132.331
130.747
86.1907
88.0357
97.8629
103.498
117.057
132.598
105.83
117.271
115.967
132.813
80.7186
96.5761
140.675
90.2796
58.7577
57.0007
72.9744
145.687
118.744
136.081
135.092
117.02
91.5341
103.99
117.018
79.8508
83.0448
148.455
102.831
72.0371
92.6895
98.1812
119.006
151.641
98.688
114.005
119.589
89.2264
120.892
104.596
86.2265
134.743
122.403
112.949
87.4608
98.9877
137.277
97.3625
140.902
99.3353
112.328
126.516
102.067
112.798
99.1436
97.4306
119.236
115.127
94.3342
129.809
85.6406
99.3718
102.537
119.571
136.624
73.0212
128.992
72.8782
88.6785
123.235
153.148
77.7854
93.9137
96.0184
135.093
85.8664
96.7836
99.9893
99.1495
93.4464
95.6671
191.437
130.208
114.369
80.1985
100.133
114.291
141.467
103.961
107.796
96.1778
89.8151
136.611
107.526
112.997
80.9648
87.2096
94.5421
74.8982
124.147
83.2974
93.0064
138.113
89.7206
136.705
103.215
99.505
67.9911
131.112
79.6901
137.976
138.18
94.2363
63.9708
119.333
112.598
97.9024
148.283
110.498
128.938
91.763
96.077
98.1711
102.93
111.342
120.721
109.967
65.5683
81.3524
113.217
69.1126
79.5144
118.293
113.508
104.932
131.094
86.2171
108.487
104.491
134.374
109.647
124.716
111.662
111.666
97.2864
102.81
91.6728
99.4515
63.7387
110.102
81.1366
127.702
116.526
124.828
142.401
131.113
124.295
129.588
91.5152
89.6533
86.9775
105.353
127.483
85.2812
142.15
93.7234
64.5942
120.647
99.1057
137.705
79.4111
104.118
103.342
102.755
119.181
94.0135
96.8615
135.012
118.379
83.0971
85.4752
116.401
110.547
125.78
113.57
121.745
97.8006
78.2384
71.0749
88.3811
92.1565
122.699
113.129
88.6143
101.182
94.7779
101.258
113.579
76.6074
84.0408
113.594
115.186
107.273
134.091
82.9562
116.185
95.0508
150.252
119.635
135.035
98.7255
123.521
111.179
89.9804
113.907
93.3598
88.4376
153.332
112.384
142.964
92.3866
128.438
104.315
98.997
77.0482
107.705
159.534
67.5223
150.761
105.207
57.4146
153.199
96.1948
116.175
121.593
154.096
118.388
80.7777
82.6854
93.5788
88.0596
98.2813
91.4295
137.85
84.5353
122.023
117.811
79.4326
85.6118
131.856
92.6366
144.617
133.134
102.66
106.474
133.045
95.2623
131.936
96.2791
125.257
123.851
137.057
108.455
115.848
92.2144
89.1882
95.2502
155.272
101.539
126.522
137.7
84.9681
87.8787
91.9749
114.374
60.8556
84.3835
142.401
95.7521
74.0797
143.354
110.237
95.7768
129.449
78.8801
100.411
88.6469
126.904
107.815
119.239
107.241
98.7715
131.723
111.173
95.1409
69.2252
106.829
104.996
101.628
65.5859
110.683
86.8659
111.802
122.256
88.0676
123.647
105.792
73.6938
125.188
98.4632
139.931
108.475
79.5446
79.4285
141.678
124.416
85.4941
103.029
71.417
115.767
160.292
115.083
146.664
110.415
97.2311
110.151
101.93
97.4065
105.954
108.605
98.1882
148.711
108.231
67.6532
56.6683
116.139
111.395
127.075
158.727
125.845
113.287
103.376
128.729
71.599
90.9231
127.678
125.746
82.0018
97.3658
134.248
103.286
97.29
124.264
85.1807
117.386
108.677
62.0017
114.396
94.4662
99.1773
95.4894
105.453
79.0649
88.1389
74.2633
102.981
134.001
105.028
106.969
78.9698
98.9279
116.824
110.621
96.7931
78.7593
109.805
94.1254
81.7105
94.5463
82.7363
151.089
108.306
95.325
85.1134
133.759
100.855
86.9244
117.409
101.224
88.9336
122.423
89.1082
76.3984
112.844
97.5941
90.9537
99.668
153.922
182.764
138.528
167.581
128.631
99.0231
88.5598
119.375
96.017
114.449
103.48
116.317
67.8829
136.295
109.795
122.217
69.2869
73.5238
121.704
134.706
113.69
73.4992
91.657
81.8178
89.2123
113.053
92.9892
90.3149
115.021
83.2121
109.992
95.3077
62.5002
92.5023
62.8436
106.153
94.6587
111.52
111.638
76.7672
70.8454
154.056
111.207
100.778
99.9128
107.674
91.9675
133.04
154.296
132.552
76.594
101.905
81.9141
87.5467
138.021
81.8448
109.616
97.2052
119.244
114.914
110.458
73.3788
102.933
127.734
90.3351
95.0336
130.29
99.219
96.5112
86.1414
110.117
95.9514
117.239
121.861
97.864
99.6039
128.959
131.762
97.4516
87.1988
111.772
172.114
83.8283
101.145
65.0529
135.305
122.251
125.424
101.183
70.1731
122.544
98.1885
106.852
94.3772
147.016
88.7788
106.515
80.4238
98.1009
74.0703
74.5434
118.481
74.3918
84.8795
153.508
134.167
108.791
88.5196
96.6644
115.914
94.5622
101.388
115.978
91.4826
115.601
102.552
96.6185
87.8635
104.011
83.9872
143.619
116.403
64.5283
140.439
87.6252
118.948
60.878
142.681
135.63
113.322
133.585
113.169
81.9129
162.682
97.1642
69.5994
128.587
102.769
142.841
100.083
71.8381
109.229
88.9011
108.553
82.6551
104.072
121.77
107.88
100.843
100.306
103.463
109.886
89.6842
102.234
114.122
70.7229
96.6002
111.456
81.2411
112.37
96.5194
118.88
109.516
107.417
115.158
128.913
111.18
111.241
123.557
81.1625
100.413
102.738
126.329
85.5665
80.215
56.912
102.238
114.178
85.9704
99.2886
105.707
95.0403
97.446
120.989
49.4996
138.064
114.229
113.336
111.461
82.9176
129.66
87.2852
62.8879
125.954
103.922
103.596
90.9132
82.8636
110.302
94.2657
95.5441
99.5171
118.52
94.3657
134.875
107.565
89.0768
88.12
134.122
108.223
78.2856
126.969
122.021
92.2447
89.2278
124.778
97.9709
104.498
93.8921
89.3213
119.63
135.783
103.415
134.364
95.813
68.6967
99.0318
98.6435
114.317
100.272
96.8086
101.915
94.5905
129.448
115.246
130.009
103.39
102.327
113.08
113.888
116.203
125.716
115.717
109.505
133.206
101.679
107.954
91.2539
98.2227
116.474
125.613
120.138
124.433
118.214
101.172
80.7841
97.243
115.408
121.282
86.5183
148.934
90.7748
114.07
110.977
108.185
121.55
97.6265
64.0251
76.2682
106.221
94.6699
153.01
135.225
106.992
107.307
130.664
115.571
98.8168
151.335
88.9282
112.238
99.3357
74.5205
77.1693
64.8989
99.2868
125.606
66.2538
90.746
126.992
46.3096
118.376
85.77
70.4118
85.8234
135.092
98.5713
86.4101
90.9147
82.8076
110.402
79.7578
69.9574
123.081
118.326
122.589
141.519
116.288
79.9613
128.288
126.316
128.411
116.406
79.1522
80.9081
93.8197
103.13
141.971
78.959
94.8225
98.4395
98.1844
102.306
151.017
140.994
106.817
94.9228
110.304
135.101
122.206
103.227
132.286
129.299
134.066
80.8266
77.4942
75.4775
71.707
118.026
106.615
89.2507
139.389
115.164
92.7281
92.8124
84.3023
110.126
92.7391
120.557
127.79
138.56
86.698
97.5493
98.4372
98.8516
118.535
100.065
130.068
61.1702
111.634
87.6148
98.7632
115.601
148.307
123.278
101.969
79.394
73.2298
80.5043
119.186
104.287
115.936
129.68
107.618
89.1045
120.076
100.404
126.254
81.9069
113.681
74.0151
97.4314
113.01
132.55
113.735
81.6799
121.098
94.7688
119.502
116.594
90.258
143.481
60.316
122.197
118.698
134.446
119.839
105.605
130.355
130.941
123.91
111.178
100.377
104.446
79.1992
122.378
101.208
106.338
104.071
110.411
127.483
126.052
70.8797
88.1545
91.0059
110.117
110.496
122.525
92.8506
115.141
126.932
95.4384
77.7895
106.952
118.856
154.252
122.183
139.771
101.189
77.3673
145.872
131.681
126.364
100.729
106.908
116.88
80.7892
95.397
90.6907
69.8172
98.4377
103.979
93.3117
73.4446
73.4003
90.504
98.118
81.1097
134.942
127.673
131.829
104.129
93.0184
88.9724
120.518
84.1324
73.0271
144.625
151.79
123.644
127.679
121.209
79.2275
110.733
114.866
128.833
75.4165
83.0568
108.855
104.014
102.809
109.338
137.119
84.3615
123.72
151.726
78.2664
103.922
72.8025
131.25
102.757
120.354
72.6811
110.847
112.233
124.441
64.7745
94.1077
141.645
110.301
92.9234
126.335
93.3035
68.2295
108.519
143.669
90.5154
93.1988
93.7548
111.087
97.1509
87.6946
114.293
136.479
69.8969
89.0636
91.898
112.549
86.8264
87.1683
84.1238
102.59
76.149
96.7258
108.343
98.7444
93.551
92.3342
126.51
155.745
99.7432
93.8294
96.5967
122.605
99.6889
131.764
106.036
155.669
110.308
83.8152
73.5228
132.729
103.463
118.315
109.167
96.3022
87.0071
121.097
84.008
55.6898
102.91
150.671
65.0264
89.4961
107.316
135.066
46.87
176.769
109.973
80.1493
136.532
115.499
99.6815
84.5832
129.847
115.556
141.141
78.8833
111.692
75.5875
53.1987
93.2272
124.94
126.521
153.384
124.678
86.9208
105.244
109.94
98.2847
114.61
92.8176
134.802
108.459
63.3026
60.734
122.543
129.308
128.911
86.2153
68.1665
172.341
99.8428
127.712
129.565
102.257
118.328
116.335
128.943
159.834
130.481
133.099
99.6286
142.473
60.4061
89.5357
135.574
109.597
100.723
60.0845
72.3224
104.181
94.3871
52.1205
100.668
105.699
93.3656
96.1373
132.886
124.475
86.2951
107.415
104.072
116.994
62.3974
100.675
92.149
110.431
107.828
80.3832
92.9573
111.3
94.0636
115.733
93.6684
129.197
110.866
86.8173
104.741
127.176
138.285
95.3535
98.4859
104.723
74.8701
57.1575
92.122
146.397
75.9118
87.6526
88.1598
132.268
103.689
95.2695
78.0094
101.892
116.248
114.27
92.5731
105.579
133.994
91.8158
90.4996
104.527
89.8933
128.574
82.2958
62.1245
133.686
94.3861
103.609
138.531
82.4455
92.4747
79.1761
127.767
110.14
98.2125
79.1829
86.5687
83.5096
69.5716
73.9186
99.251
134.698
79.0562
129.179
117.013
143.015
119.87
127.143
113.713
77.6024
119.324
103.099
106.047
136.894
91.1341
122.097
122.964
89.852
82.8115
95.9506
127.156
97.7804
111.478
81.2754
94.9738
95.1847
104.371
93.3905
94.0594
101.085
75.4566
108.419
98.5083
92.1282
107.534
93.0
98.5018
119.413
101.909
106.734
79.1162
106.544
159.844
121.694
102.724
115.159
87.016
148.303
130.088
132.34
81.3968
96.4389
84.5487
80.5416
101.328
106.008
76.7428
133.946
71.696
79.7828
68.1205
70.0442
87.4463
90.5236
88.1004
105.938
61.8947
115.271
88.1459
135.291
48.392
95.1631
90.0818
116.003
77.2805
145.002
96.6707
112.599
120.005
85.5151
110.644
80.3706
100.715
113.398
141.059
93.2285
82.6534
108.648
74.2506
120.922
101.945
81.8475
112.35
107.282
100.851
139.311
116.9
110.555
73.8833
92.7825
99.1402
120.0
134.491
142.166
105.77
132.046
135.726
94.9972
80.1609
91.9467
100.884
134.044
117.827
67.3892
110.519
72.9963
96.4961
84.0045
82.05
130.0
97.1048
113.11
91.294
85.5327
69.3887
86.4091
70.5083
119.726
83.7666
105.716
124.316
107.771
113.203
76.7421
76.2437
90.5498
102.414
122.434
98.9357
88.3653
111.223
157.411
146.768
82.0826
65.7017
106.154
113.3
101.901
99.4713
110.597
94.3748
104.846
144.271
43.9947
87.7164
84.2499
129.362
122.757
102.184
171.647
69.4941
109.651
101.942
114.645
121.071
165.35
134.598
58.7473
106.9
102.057
124.617
115.258
98.9655
116.251
90.0551
105.207
81.1939
94.5049
110.846
107.735
92.0382
78.9918
113.871
131.963
96.9939
99.6882
82.8516
135.958
98.0158
147.116
143.245
77.1712
93.8553
74.6299
103.299
99.5385
141.09
100.561
125.942
130.244
110.513
117.817
89.6687
109.858
93.9123
101.679
72.0797
60.5772
76.4918
108.6
122.951
113.557
66.3348
117.768
87.0255
122.445
84.6992
127.252
80.1519
96.4815
99.77
125.981
112.915
79.8782
103.238
82.8828
67.2546
100.297
134.248
168.913
120.421
94.7459
128.229
103.878
93.6751
145.828
148.464
100.497
85.1237
105.156
83.4255
115.609
99.3466
120.803
78.838
96.9869
105.437
104.107
93.8037
115.834
116.502
77.6826
109.888
78.0935
99.5404
92.7869
121.347
80.0638
91.0629
152.555
127.09
121.839
107.855
109.754
116.077
100.962
86.0142
99.2152
152.537
86.2188
107.083
97.3753
89.7542
127.253
140.911
70.991
115.769
91.4125
73.355
71.7758
97.7521
125.881
116.785
96.7847
83.2962
70.1113
98.3929
114.799
122.511
77.7288
106.501
149.495
124.03
73.5163
114.447
100.086
116.075
114.34
108.158
114.523
97.6554
90.9962
112.263
79.9172
79.2329
137.73
150.818
105.262
108.055
84.6759
98.8356
79.3437
141.981
79.6129
109.356
111.398
82.3393
138.197
111.652
110.741
116.425
119.381
87.0693
68.754
61.259
92.7015
97.4628
81.9252
124.115
92.0997
118.734
98.4675
93.0648
126.19
127.149
111.538
94.0992
103.769
87.2595
126.666
137.179
70.2054
73.5544
127.05
181.862
119.045
169.481
95.7837
113.548
102.605
104.259
67.7967
108.129
102.189
95.5381
81.593
111.349
95.558
106.425
98.8326
70.8611
122.953
130.335
91.6003
79.7129
123.372
86.5432
81.9547
114.201
118.573
107.314
121.579
123.735
127.248
84.939
82.0613
71.533
67.074
90.8918
128.342
102.401
90.8572
150.095
101.451
126.409
64.7489
101.264
134.449
76.8848
108.216
127.83
107.975
97.9683
95.3798
106.734
93.5755
102.702
81.2968
114.786
149.718
80.8574
123.209
101.146
98.8773
85.1925
106.697
80.677
151.239
105.94
100.01
96.0058
126.359
113.632
94.3288
70.3574
85.0126
80.1641
77.9195
91.701
63.005
134.358
100.254
94.3686
71.1202
135.42
122.624
116.144
104.959
117.9
67.5276
107.125
74.1598
153.457
105.077
151.646
82.6696
75.3023
61.3248
121.526
77.6038
104.991
110.13
137.862
103.063
89.1537
82.1912
94.2889
105.44
77.5813
93.6066
126.674
123.681
108.712
125.617
111.988
129.004
73.8334
122.369
158.218
83.6921
87.1888
109.557
95.8681
111.958
141.975
132.281
83.3782
131.155
100.102
93.8511
118.224
105.143
113.397
123.232
111.368
99.0021
96.3476
123.004
111.871
137.13
87.5459
83.8674
85.6865
120.036
75.057
75.9199
109.37
71.5759
156.553
110.114
104.503
74.1053
95.7426
86.1675
90.9977
120.353
83.212
136.585
123.359
97.7747
95.1227
120.549
100.95
126.621
118.356
117.531
73.9329
67.8128
116.338
119.864
97.5166
68.3879
100.446
113.462
115.422
153.604
62.1725
99.1366
94.6081
106.59
84.389
112.949
70.0963
90.9405
148.954
103.994
104.866
189.752
89.1116
112.45
133.817
100.715
93.7164
125.423
81.3739
133.046
108.522
134.802
82.6194
124.723
108.333
76.8826
77.0482
105.927
106.178
114.457
113.857
138.926
90.2841
119.854
115.723
128.099
128.01
108.969
101.583
80.2042
108.259
72.9812
107.39
57.3405
121.112
85.4889
44.1169
86.8162
90.3664
119.218
116.137
121.189
103.994
79.0506
72.3728
78.5888
130.264
87.0973
78.4746
111.077
122.705
94.0305
111.21
117.521
55.753
92.8808
148.13
115.437
78.636
134.258
68.7886
166.626
105.83
119.335
154.972
80.9101
98.3164
89.8671
102.186
133.641
70.3748
44.1588
92.7347
105.398
118.704
97.0397
141.145
93.2147
84.8813
140.912
130.378
111.005
123.958
95.1796
123.395
104.441
102.727
74.4783
122.346
101.715
51.7872
115.224
123.029
117.368
142.659
127.828
54.0876
115.84
86.242
104.17
141.197
130.159
84.4915
101.053
105.044
90.9537
98.784
74.019
79.5991
119.949
120.326
86.6734
118.392
65.4388
76.8731
71.965
128.518
139.692
92.7411
103.378
78.9252
94.8924
93.7893
110.829
121.998
91.7874
132.664
132.819
116.276
137.137
98.4358
71.1158
80.4641
75.9087
94.2158
64.4002
126.733
117.058
89.3728
95.9792
85.768
129.182
70.5411
116.702
134.629
104.135
76.4531
103.629
81.4272
71.4741
81.2327
111.093
131.238
91.3761
120.034
127.894
97.5453
104.306
90.8016
106.123
57.8696
96.3847
74.5621
125.503
95.5804
103.836
155.763
103.204
104.145
93.0895
133.25
108.91
76.5461
110.955
110.958
136.371
71.8187
139.755
91.0435
114.761
175.498
90.8656
82.6684
79.8929
121.547
123.635
92.4517
72.2043
122.203
90.1273
97.7994
123.22
105.036
186.414
82.7359
83.1849
115.807
119.308
57.8549
91.0614
84.6542
94.586
65.8372
103.78
104.124
136.419
115.308
118.328
101.179
75.7725
72.8873
100.13
124.342
79.4668
111.14
101.499
95.3679
92.2785
124.471
99.1678
129.548
114.365
77.5673
81.9353
116.479
116.243
114.233
122.099
101.685
103.756
82.4841
94.4988
128.997
109.637
121.997
56.122
73.5288
118.585
72.9284
87.336
74.9339
119.944
91.952
94.1496
134.003
98.5748
81.8538
72.3244
134.082
68.5366
79.4708
102.758
119.424
51.3896
107.466
101.525
153.954
120.317
91.5692
111.022
86.9783
68.767
83.3803
102.743
60.2915
105.208
137.657
108.233
94.7407
90.595
97.3556
154.581
91.5274
94.5262
139.621
81.7286
98.4278
83.9505
93.6176
67.8542
146.803
89.8318
82.3818
170.895
98.2306
102.27
112.085
62.4516
146.838
95.1837
74.9901
85.8414
76.9572
94.3959
85.6755
128.279
73.9706
99.7874
134.722
78.0648
125.625
76.5744
158.384
81.514
122.578
94.1095
82.735
108.966
109.056
94.215
74.3745
104.485
116.235
90.4373
115.024
121.365
119.658
61.418
112.173
104.289
124.572
114.235
58.0734
87.5542
100.274
128.117
135.105
98.027
59.3751
88.2227
83.8459
83.5119
95.8071
74.3443
126.862
110.518
89.2379
108.477
89.0816
101.624
92.6838
118.915
122.028
76.7821
83.0501
89.1616
111.067
109.636
135.249
149.357
80.5725
88.7388
70.0317
135.848
100.463
123.553
109.885
79.7427
144.566
102.655
101.771
102.568
91.4273
58.7136
111.919
126.274
92.6353
88.354
118.33
84.5809
105.98
117.922
86.9114
100.157
168.492
134.074
63.3124
101.703
111.087
98.3718
88.7579
99.0457
99.5689
100.181
118.291
142.375
111.546
95.9234
100.71
96.297
80.6915
90.0502
75.4075
137.033
103.498
116.941
60.4528
78.2147
61.8305
139.424
119.111
119.526
108.151
97.7836
107.572
120.409
68.4321
107.839
81.1704
126.501
97.4978
126.226
139.22
94.3334
104.367
94.6047
139.511
87.6034
96.0018
157.829
109.654
165.615
127.789
54.4267
103.504
63.3451
66.0041
64.0161
63.8344
73.8365
168.179
141.907
68.9541
111.365
121.822
141.488
102.258
118.638
87.7631
151.735
79.7618
115.972
154.486
77.941
92.503
105.793
104.592
119.326
120.581
100.661
90.008
93.0195
96.2403
116.327
78.1122
69.4315
97.0057
124.14
93.936
88.6323
80.713
74.5647
135.347
106.897
92.9025
112.069
122.497
79.1502
83.3215
87.2253
109.887
85.8258
123.739
106.188
90.8243
102.813
85.6225
145.298
78.9032
125.937
106.143
119.864
85.4026
120.341
79.9866
114.57
100.69
84.8058
45.3852
109.157
90.228
106.472
87.611
83.3776
106.227
115.318
89.884
103.74
141.831
100.71
90.044
77.6465
101.354
162.894
71.2172
64.1066
89.6262
125.14
88.1161
149.927
109.88
117.719
85.2713
129.236
95.7747
112.042
107.306
122.852
99.3014
105.07
92.5622
80.9943
92.6676
107.793
104.748
104.819
88.3802
109.801
121.757
135.408
103.494
78.6064
110.871
92.9685
87.1647
87.0368
120.054
93.9786
87.148
105.879
93.8817
138.437
131.535
111.951
116.981
70.4516
65.0096
65.0269
103.384
137.149
69.4118
93.0937
103.933
111.424
98.759
79.6942
136.045
107.95
108.465
132.866
84.2068
65.4437
79.4691
165.279
76.5056
78.97
105.1
122.197
101.033
91.1404
85.7296
73.5108
141.082
130.357
132.669
147.569
137.103
96.4336
88.3223
117.964
92.52
65.4882
109.555
138.033
88.481
129.302
115.539
112.771
84.2259
117.362
112.843
149.916
67.1387
96.9892
129.836
109.559
74.5929
93.9712
121.126
109.706
83.268
118.815
109.682
132.657
111.068
70.0266
120.742
145.854
86.0418
111.635
65.9812
99.5347
95.8116
113.178
114.175
103.466
95.7911
78.0824
117.633
85.8775
88.815
101.419
118.299
105.764
79.0996
125.406
59.2912
106.832
81.5087
70.0633
60.6736
124.291
91.2933
116.491
138.691
94.027
69.1978
75.0184
110.535
91.2968
102.898
102.222
109.187
96.3672
120.731
122.624
117.691
150.104
100.052
54.2961
103.595
108.096
124.945
106.392
92.9014
61.4758
89.1277
124.104
111.255
100.552
95.9771
95.2064
120.557
108.953
115.774
151.423
69.7992
98.0402
131.703
143.752
91.6165
91.2261
126.216
71.416
132.244
75.815
67.6568
87.5564
94.8229
165.889
65.454
102.448
115.669
96.6479
117.371
129.046
108.668
108.191
95.7766
117.157
127.75
92.1275
120.609
118.86
100.561
74.5896
106.199
53.7265
80.5667
109.262
75.6545
90.7357
83.5184
101.726
69.3311
92.766
162.459
130.313
120.283
102.499
98.5027
87.1481
97.4477
101.798
60.7696
64.3948
138.153
78.2832
87.473
82.0496
69.9689
137.823
83.3714
58.7165
76.4125
118.488
103.677
136.979
103.44
128.457
120.231
112.945
113.958
144.815
107.689
111.39
88.3141
63.932
144.816
101.833
110.744
88.0027
114.239
119.256
75.6708
62.8459
100.291
79.6441
112.666
89.4312
70.471
67.8417
93.2106
119.872
143.338
68.8811
133.402
146.165
89.1999
185.126
90.6817
107.138
126.516
149.761
109.589
81.077
101.584
128.329
115.699
99.351
76.1202
127.623
97.8714
99.9023
83.5794
62.7195
106.471
92.7122
93.6656
83.4969
75.0623
65.2617
91.1136
109.982
82.5016
106.282
110.269
89.0606
105.837
104.116
106.458
109.169
87.4548
132.926
56.8678
71.2232
88.0778
130.339
109.849
77.6262
92.4816
136.49
107.75
94.4863
106.404
135.082
74.1247
84.413
87.6211
110.651
115.361
64.3946
96.0917
102.873
76.3528
94.6285
83.0806
132.931
94.4353
130.21
66.5177
114.963
97.2628
121.813
119.937
90.091
74.8766
95.7468
92.7809
102.497
125.883
67.9097
139.077
86.8379
106.423
125.233
94.1559
86.2
119.516
144.791
141.249
113.336
60.5731
91.167
95.8149
86.3884
113.24
111.434
88.1605
96.9685
92.9657
115.418
103.067
136.808
66.2673
121.991
108.002
80.2926
103.448
71.539
77.5402
114.119
138.094
98.8185
82.0179
69.3631
109.194
120.554
101.085
152.269
85.1338
69.7465
98.4086
76.8768
110.651
102.287
99.9035
120.277
103.717
96.1918
124.768
93.4264
87.0175
73.3109
103.01
101.218
169.388
72.3743
80.9036
91.0387
65.6326
114.452
70.2019
107.19
93.7098
122.561
134.621
103.704
88.7574
129.451
104.971
86.9546
129.738
133.876
110.311
110.71
99.7719
67.3392
115.577
137.986
62.3515
89.3982
94.9433
117.114
72.1534
93.8598
114.081
119.966
124.842
102.299
101.073
173.827
103.728
81.7643
104.576
82.0658
86.6849
91.7124
82.3425
100.913
106.467
86.7055
122.096
94.0839
78.2355
117.505
111.437
87.6441
74.2024
127.443
108.213
117.51
119.692
98.4905
89.4159
72.0472
85.7448
93.4983
101.178
88.5253
90.9267
117.63
96.3052
93.1349
140.993
117.697
82.3809
130.989
118.278
91.6951
117.308
66.2903
114.878
101.862
98.1711
111.989
79.5873
80.166
77.3098
109.536
104.88
113.749
98.8143
124.272
116.79
121.067
129.435
59.057
77.1796
81.4307
74.6148
121.947
118.925
107.407
133.984
71.4106
126.319
72.0932
127.474
130.111
171.57
78.913
83.4998
130.765
98.2623
76.9663
95.2046
99.3614
100.216
87.2945
80.1006
97.5074
112.704
100.66
104.278
96.035
126.224
89.3789
153.385
133.535
129.058
64.1033
101.096
144.331
110.602
117.396
78.6987
126.221
117.137
114.55
125.155
106.901
75.6989
80.6002
85.9694
114.747
78.639
96.2103
46.6019
128.659
74.8112
133.527
85.9272
115.578
94.4664
113.481
53.4523
82.4212
124.937
88.6631
59.7434
99.7191
106.207
170.424
102.969
82.284
103.711
105.227
85.9454
55.7848
89.0526
95.9873
99.9671
91.2056
103.405
93.7537
99.009
55.8166
102.127
162.817
96.839
83.765
82.2281
106.002
59.5981
94.5258
121.651
85.5816
132.864
96.3448
92.608
77.6636
125.523
112.689
97.777
100.823
93.8154
138.091
80.3999
72.062
96.8993
103.273
103.594
49.7602
154.484
90.3691
105.226
111.367
110.103
130.877
118.11
109.056
107.527
90.8935
95.5725
107.726
108.145
58.0558
134.724
83.5296
105.138
171.107
70.8824
119.059
77.8885
108.589
88.6653
109.035
80.0178
117.414
86.0184
120.561
108.811
113.995
76.5859
107.211
54.0749
100.959
136.148
75.712
116.93
93.9922
76.2922
126.426
122.857
61.8911
83.4235
97.5409
131.35
120.197
135.01
102.069
67.5147
81.516
106.638
96.5074
77.5304
145.569
135.256
52.9953
112.727
93.8631
71.7324
98.4779
134.949
86.5405
122.156
85.0133
102.687
125.15
67.9143
116.839
96.8417
84.915
74.9456
102.617
122.607
112.714
95.6294
83.8924
154.115
103.604
87.5297
58.0298
165.936
55.924
115.248
111.62
103.639
125.83
110.486
77.3465
150.909
126.914
93.5927
113.143
88.7709
126.507
84.6668
130.78
104.195
103.841
127.634
93.208
146.191
102.035
134.769
106.367
73.0978
135.367
79.9769
97.1193
70.2308
101.163
154.188
135.104
86.935
121.677
120.442
84.8884
80.0345
145.488
107.056
140.466
142.249
78.8791
81.541
115.85
111.214
120.599
80.4548
143.566
90.125
81.7428
92.1675
98.8605
106.743
128.495
100.117
77.822
140.375
132.433
96.7086
92.1764
108.388
103.468
97.5348
57.7173
102.354
105.12
91.5805
84.7913
143.537
106.598
74.5864
75.3154
104.995
67.403
78.233
99.292
97.15
84.2234
91.9938
119.789
81.9684
130.214
99.8491
75.0787
72.7863
79.2828
98.413
78.5154
81.1861
128.272
135.429
66.3979
83.3982
121.257
88.2529
145.578
88.6946
107.87
101.409
91.3578
98.5557
107.64
109.725
78.7475
118.814
106.915
93.7001
118.876
100.529
92.023
123.941
86.7118
48.9045
78.7656
126.878
153.619
74.917
114.323
123.281
83.8705
137.827
96.2194
133.473
70.6882
141.54
76.9608
67.8556
75.1325
101.008
79.7445
77.3399
111.906
115.438
85.9987
117.725
100.872
158.606
113.606
125.894
122.462
77.7918
63.8515
110.268
86.613
87.2594
93.0382
117.632
90.2145
87.248
91.7275
152.907
115.718
95.9694
96.5263
99.5253
101.187
101.458
98.7523
98.027
86.2992
122.265
98.2476
143.113
92.449
123.563
109.293
91.4692
86.6775
101.916
88.7915
72.3582
70.6365
124.266
75.1751
146.601
86.9597
143.544
70.5132
60.7191
72.6472
71.7611
136.05
110.962
69.4789
75.7384
99.7601
83.877
69.0637
84.5174
97.2166
69.4466
102.254
73.2383
100.579
116.738
116.531
92.0623
115.662
78.7525
136.964
158.053
58.7423
82.7147
141.733
71.0231
131.818
114.596
87.8746
106.426
80.8202
110.83
114.372
129.262
96.6821
70.1382
148.769
94.6109
117.952
68.1848
53.9016
153.867
110.398
91.6146
114.526
75.0774
95.6939
92.5666
115.408
104.419
86.6977
98.6572
99.2488
81.4931
113.305
78.6297
93.4106
115.23
89.7165
122.418
93.9966
117.865
183.789
121.194
109.584
92.8815
50.2727
84.5357
114.54
75.3871
96.3959
72.7418
85.3866
136.607
98.7035
87.5449
69.9001
97.3382
94.7187
105.573
124.689
111.981
81.4359
58.6683
82.71
89.8784
92.4765
133.118
104.386
112.894
112.708
80.8382
52.0733
122.435
123.201
99.2756
122.836
107.845
138.967
107.774
131.426
83.7611
100.709
150.772
104.286
83.4819
112.35
146.601
101.208
102.661
87.4707
139.968
115.913
104.0
102.353
90.638
78.1906
97.9757
89.2915
121.991
79.5673
88.6663
149.159
99.7662
96.3396
131.644
166.511
103.198
73.8167
102.377
86.8352
113.293
99.5309
57.2615
171.453
95.0067
75.4323
129.421
68.9659
104.371
131.145
113.688
63.3291
87.5598
102.596
34.8537
105.516
90.705
117.032
118.009
95.9587
145.877
118.115
112.847
81.2839
98.0412
113.685
121.569
65.0471
137.394
86.1848
79.7371
88.4633
92.8229
94.6365
83.1735
118.4
69.9978
93.387
140.774
112.039
137.418
89.6526
78.1514
147.747
65.5083
113.794
100.92
127.362
97.8325
83.562
73.5774
125.638
84.1049
104.401
81.1536
83.9538
139.038
130.841
119.626
110.243
76.9041
96.6983
101.623
69.455
96.3552
105.236
88.9299
72.975
123.054
94.6292
114.261
104.801
124.403
97.4388
137.363
82.4455
97.2237
79.9628
101.187
99.7872
80.0447
101.255
121.076
142.272
111.142
122.216
93.0448
84.6605
85.9049
91.2697
138.668
112.476
83.4684
100.999
104.609
97.6293
78.9695
96.4839
101.848
153.712
97.0097
80.2794
93.0207
86.7818
73.921
110.012
84.8655
141.009
95.6089
81.2139
67.8764
143.267
102.145
74.4314
119.228
100.379
62.1708
99.8318
112.234
107.412
109.385
88.5492
103.348
120.561
97.9631
109.671
60.3948
95.6699
154.752
97.5334
134.983
135.147
91.5443
150.679
88.6654
86.4125
49.5381
94.7971
101.892
55.6599
85.2604
90.5
95.4141
95.9283
164.127
89.5411
162.613
98.667
98.3959
72.8647
113.816
92.9742
66.0994
102.322
99.0029
97.4824
68.7936
114.747
91.3495
139.865
106.138
109.782
132.298
68.3087
95.6893
73.9321
90.7327
106.685
116.438
129.919
87.9905
77.5758
175.554
120.598
143.51
103.068
122.558
89.3226
74.3017
69.8029
73.4926
117.499
88.4768
115.824
111.021
93.8411
107.919
97.3266
98.3796
107.669
104.319
79.0635
107.148
128.647
98.2918
69.0294
84.9313
93.9202
81.1856
114.828
83.1987
107.141
151.112
77.2482
117.054
99.4209
101.872
121.152
111.546
95.1159
113.052
93.9887
98.8358
105.324
89.7081
152.141
120.536
88.9016
97.4682
86.277
120.377
62.5016
132.429
135.476
74.5952
101.533
103.708
96.0439
149.466
98.2527
138.788
128.976
123.707
56.4014
89.3643
106.087
127.304
100.113
65.7527
110.433
100.276
77.4131
91.7994
83.9384
70.5503
87.1242
76.6543
113.534
75.5643
125.232
60.3889
153.453
74.3086
124.132
78.4974
68.3515
127.081
94.9143
83.9145
143.981
85.0158
138.586
68.3969
78.4324
96.4595
93.0128
80.1769
78.8471
102.96
113.591
119.1
142.75
86.3392
114.015
118.203
97.0352
108.446
129.122
77.7359
108.291
141.155
75.7796
80.6893
113.454
100.857
93.5676
93.9184
90.4598
92.8062
91.703
83.7684
82.9541
92.9739
84.9484
89.8604
114.083
90.9355
81.4495
119.079
91.8753
111.934
112.196
93.3714
113.047
83.4329
109.728
132.145
128.716
159.226
137.278
41.3971
59.2171
142.215
85.7986
80.2379
108.93
67.8145
105.227
112.357
107.85
56.7746
77.737
123.423
112.627
91.4215
139.992
71.2283
93.1106
112.565
86.421
121.105
169.566
103.098
118.226
145.106
121.662
94.2035
151.452
106.361
77.8778
105.182
95.2501
94.2928
116.073
106.367
98.5946
62.4043
120.656
102.852
129.134
97.1118
97.4865
79.705
75.6075
92.8001
151.552
107.642
88.9674
116.965
91.7559
143.715
122.445
73.232
115.919
111.339
160.682
103.682
111.477
106.578
78.7682
53.4896
167.495
97.2234
68.0889
107.668
95.2278
149.044
98.5644
60.6232
75.1751
122.156
75.3787
103.499
63.4224
109.095
96.437
90.2092
76.7558
117.586
79.3525
118.084
117.078
101.638
97.1336
70.8371
121.441
111.288
148.055
83.6759
97.7103
99.9635
105.13
86.775
73.4297
150.236
104.368
82.3109
159.927
60.3884
97.8229
75.4722
86.9977
55.7929
78.4574
83.9641
95.8675
108.557
79.3371
98.438
78.1576
100.441
133.703
118.886
106.079
66.2059
99.2098
106.36
60.1623
123.96
112.415
113.442
85.4006
104.0
105.53
130.972
102.373
62.2265
119.474
86.2681
92.742
91.5852
121.0
117.185
93.7045
129.013
94.0562
111.993
98.4652
83.1869
60.0769
75.5864
71.2704
75.193
98.5234
76.9078
