181.884
159.077
159.756
121.658
151.725
229.415
188.643
189.104
245.084
217.784
207.2
147.757
163.71
97.0327
89.0557
186.834
116.001
114.245
168.435
95.1288
111.304
144.313
152.042
148.377
151.479
130.491
125.859
110.8
131.718
128.033
107.69
112.061
165.235
144.874
120.258
152.411
102.671
74.5618
139.257
89.8501
112.284
145.151
117.015
97.2883
99.381
104.654
109.946
93.3636
163.628
108.833
90.1749
86.3698
129.802
93.7435
138.436
113.997
101.259
107.68
108.893
100.18
95.9664
95.4674
127.88
94.5195
97.8543
102.698
83.4419
72.0969
108.516
105.938
112.045
90.9555
117.217
139.782
87.6399
128.283
109.698
121.412
128.991
83.1062
97.6966
78.4624
106.365
79.875
118.18
72.6594
103.181
105.336
121.462
73.4295
101.928
106.391
79.1071
108.198
132.224
96.943
104.846
112.721
91.3124
131.124
87.3038
103.257
54.0948
112.274
88.5302
101.382
130.229
101.672
71.848
111.401
88.4357
162.468
122.049
130.019
70.8064
95.8243
98.773
68.8583
160.107
89.819
81.4464
93.8493
46.0237
121.93
124.528
74.7348
78.5517
107.729
56.2814
74.9518
120.067
97.4335
83.6767
137.361
143.761
78.0764
68.8739
49.6946
54.9304
126.025
98.955
106.399
121.673
110.363
104.037
95.9913
83.5976
130.522
144.633
106.472
75.0574
52.0161
93.2377
56.8975
114.564
97.3699
81.4738
150.222
119.657
89.3259
68.8939
79.9956
115.318
119.778
85.6713
104.534
113.848
121.144
92.7384
92.5174
88.2343
114.495
94.3232
122.924
84.3714
123.477
121.028
121.224
89.1892
98.0732
78.5513
119.349
107.216
100.36
101.392
76.1269
81.3788
71.9264
62.216
146.544
126.141
84.3904
126.782
100.721
100.221
89.4336
102.303
78.0856
71.7257
84.9886
103.225
67.9158
87.277
51.5643
148.864
132.21
114.883
69.2696
59.5498
85.9096
70.3113
63.8899
140.254
90.7456
105.22
94.2411
77.1135
100.877
94.9894
82.8396
52.5163
76.481
115.303
91.8645
98.1502
84.0697
116.509
66.8409
69.5329
66.748
106.984
111.353
83.3637
122.101
121.196
74.6389
77.0873
103.881
129.207
115.248
129.707
101.303
81.7802
139.577
89.6273
108.642
105.839
83.9129
70.6952
71.551
91.3886
77.2238
122.646
72.7282
81.2305
94.6228
72.1576
39.5155
68.1603
96.6915
53.841
103.765
103.232
75.658
65.0939
142.029
77.8267
53.6525
123.091
75.2653
88.5409
94.2887
106.253
79.7003
54.7165
89.928
69.9339
76.1553
89.0099
105.717
86.681
114.233
81.1425
75.8491
96.185
77.1269
106.871
89.7486
84.3607
127.273
111.499
120.421
84.5037
65.4549
62.1385
140.507
109.428
113.086
55.8397
75.5581
59.0202
69.392
73.6217
76.1044
61.161
78.4661
64.8009
98.4769
76.8462
60.6819
98.4305
90.2064
86.888
64.2183
69.9889
108.982
54.2611
58.7221
73.77
78.7577
67.9883
64.3095
88.1909
122.826
54.5936
114.267
70.6899
72.2614
97.9526
79.3634
147.679
100.719
65.6544
95.6976
82.9236
51.6709
50.3254
95.5904
76.801
95.7176
88.3013
77.1071
44.6624
56.4694
111.248
109.812
56.5821
49.976
88.5109
41.5223
102.802
51.2178
64.4577
66.5356
84.6035
56.4597
86.7651
90.6128
77.7746
44.4239
91.7678
56.6096
79.1164
96.3152
65.1816
58.5287
73.2826
64.968
68.5922
86.5482
67.7967
91.7483
98.3883
40.7503
110.65
104.945
60.2355
80.7176
107.778
50.6865
52.5276
52.4732
158.737
133.964
74.7466
96.2356
79.4289
73.6611
121.007
78.1273
72.5352
70.7567
61.2517
72.4661
81.8684
119.421
60.1495
67.198
53.7021
68.7083
63.3943
73.4811
80.7251
57.0233
38.5061
34.6999
63.1251
58.0646
82.0212
84.543
29.0951
78.6299
80.6508
41.7769
93.6331
73.1538
74.7504
71.7162
81.5476
66.5442
100.203
73.6233
94.8495
66.7867
31.1065
95.9861
54.893
42.5444
54.5959
45.2427
68.0269
69.0862
82.9576
30.3673
55.4821
64.8567
61.0468
42.8204
86.0728
47.5534
43.1698
63.715
52.9272
93.972
50.0702
81.8479
76.059
56.9757
83.0666
87.0889
67.7713
85.8463
50.5094
37.6433
39.8759
46.517
92.3573
68.2166
85.529
87.043
47.7873
76.6474
72.1474
56.6009
47.1143
113.893
39.1553
67.3141
109.549
73.1915
54.4997
89.4949
43.1957
45.2023
63.1854
61.9053
51.8442
97.2413
83.3271
67.9093
78.8171
82.9992
45.6458
44.771
69.6913
74.3441
49.2665
31.2693
35.0677
62.9672
37.5031
70.6146
50.2051
53.6901
47.7215
60.8318
53.6099
49.1716
49.1853
41.7928
94.2745
50.2472
48.1086
44.8162
87.7631
59.7561
77.9379
56.6608
51.0379
50.2646
57.6296
49.1934
40.3897
101.843
80.3413
79.5448
62.9951
38.0779
59.8166
92.2871
83.5812
112.059
49.6115
60.3731
50.6474
61.8793
69.5127
30.6102
50.8049
83.6247
52.0531
30.1031
50.3194
61.3156
39.0425
79.0862
24.85
43.471
67.9417
64.2195
72.8831
49.1018
49.1059
29.1983
47.1476
55.1566
43.3619
22.265
45.4117
66.6326
42.4928
30.3223
46.1388
33.0771
33.2658
51.5995
54.7203
69.5605
43.482
41.4517
63.2835
46.2771
43.7791
48.7458
31.3309
47.7404
74.613
46.668
100.102
42.6179
51.4088
58.0123
42.4046
58.9434
41.4815
47.6549
56.3569
59.8922
71.7546
58.3233
53.3413
36.1314
32.7733
48.3323
60.0667
73.5452
65.1024
49.639
62.3492
64.4101
49.9653
73.9384
45.2111
47.6133
31.696
60.3523
33.131
55.3237
30.2462
47.2658
36.6724
48.8675
43.5334
37.677
17.1939
91.8688
32.1613
39.8241
43.0659
37.7874
36.254
69.5739
51.2002
46.5497
29.6763
32.5182
41.1029
44.8168
37.7034
39.3158
36.3577
23.0733
81.6656
36.1179
26.2871
53.8468
24.6391
33.5466
29.2758
31.7808
23.2431
38.0958
70.77
37.2214
25.4408
32.8416
48.7922
26.7808
29.3647
58.0674
58.6885
27.5416
56.1425
38.4083
30.1133
44.8506
46.5286
42.595
52.1464
32.7207
35.9932
27.3463
39.1133
42.7866
36.6763
34.0074
54.9508
51.7594
62.5982
38.8115
39.4044
37.6019
77.2976
73.1233
48.4468
46.5882
57.7774
47.3675
44.2133
57.8326
37.7253
29.2591
39.2073
54.0011
33.577
46.7517
38.1497
37.6012
21.9596
28.7039
40.3888
34.5937
17.5228
23.9218
23.6883
58.0773
16.6803
22.0647
44.5906
38.8016
36.2973
52.1407
41.5386
33.4711
48.9461
51.7918
56.1558
49.5135
39.9687
29.5387
29.1347
42.6862
26.8597
57.7008
43.8607
32.3184
49.43
41.8757
28.9765
36.4861
70.6002
50.3188
52.7078
35.1038
40.0534
34.5087
51.6292
32.7728
49.3135
26.0263
45.727
29.6708
38.0072
30.0267
26.8201
44.4654
38.2617
50.9823
24.5724
25.6138
26.8176
28.3569
27.6324
28.8365
47.0034
18.1682
50.2454
19.1427
40.9841
29.1135
30.7509
40.0419
14.6033
24.4011
21.0903
21.9289
19.1743
21.9093
28.5369
19.1723
22.2186
36.5999
18.7465
25.8563
39.6706
11.3513
25.0012
28.5592
20.0456
25.4445
48.8755
22.5284
25.8255
31.3135
36.9176
35.7717
35.5971
70.6584
25.3558
27.9016
28.5628
19.5997
37.8219
21.6188
20.8357
33.3329
49.2062
23.7813
36.8658
41.1514
19.5442
18.9284
21.6035
31.2782
36.2302
39.7475
24.6605
39.3527
36.0523
25.7524
38.8212
20.4881
23.7498
23.6181
27.9243
29.1111
18.5668
29.1312
32.9751
27.947
16.7792
22.9332
28.8971
25.8975
29.0631
22.8147
43.4105
25.2171
13.1393
29.3658
22.0728
31.1279
23.5928
16.3402
25.3703
27.4904
24.6254
27.0925
18.4077
15.6092
12.14
14.279
21.0739
20.6762
30.4852
18.1493
22.5811
14.5013
25.6539
22.4224
20.8439
24.8976
35.5291
17.5486
18.8292
20.4099
27.1635
37.1304
24.1846
28.6909
22.8529
34.5407
12.1778
25.2254
22.2123
23.0899
25.5953
26.0178
23.12
28.598
20.9124
24.7223
21.3164
19.3075
16.6451
18.2756
16.5918
23.5709
17.6836
21.7269
16.8345
18.9791
19.4719
27.2942
25.8567
15.9412
31.1231
22.247
40.6412
24.4193
35.3512
14.7939
11.9855
11.9733
10.4369
12.0298
20.3869
12.5963
25.7563
16.584
44.1028
24.8295
12.2007
18.2128
14.3203
14.4391
16.8653
13.8906
10.2883
7.18861
12.5823
10.7588
17.3184
27.012
12.8935
7.36053
21.8989
17.0973
13.0258
21.4608
20.714
14.0825
18.1964
14.6203
19.6879
13.719
15.3028
13.7688
23.5268
15.1097
17.6351
49.9604
11.1236
10.5673
11.957
12.8244
24.5543
20.0187
19.1609
14.7742
12.8804
14.1726
11.2318
13.3354
10.7124
29.1941
31.1999
19.0574
17.4194
21.4133
28.7009
31.502
20.7825
17.0719
12.5123
28.6723
23.0845
15.0104
17.7386
12.7599
33.044
12.1961
10.529
10.7456
11.0901
11.2544
8.27767
8.85027
11.5485
9.44312
19.2442
11.3454
9.89485
13.9467
8.80038
7.79053
15.531
6.9198
12.7574
10.0437
14.7804
14.333
8.70288
7.85433
8.84605
12.1148
14.7905
7.88485
6.97295
8.51496
12.5315
16.0261
27.948
7.65235
15.4622
10.1208
8.54194
17.0087
11.7198
16.1234
14.0676
13.9399
8.4244
20.0506
14.8538
9.48543
9.36004
9.77208
7.59087
11.2955
34.5557
20.0165
24.3134
14.2302
38.7227
19.768
31.1504
28.6174
16.431
9.59473
9.80654
13.5519
15.4633
15.694
12.3707
8.06816
9.00716
6.79307
10.2958
5.44333
6.95479
8.28777
8.52483
7.80634
7.7716
16.5034
32.6274
10.7799
11.8593
11.2128
8.33784
8.09896
9.28391
6.36786
8.84025
7.64082
5.11616
11.3066
10.9552
12.1145
17.2224
13.857
29.5264
18.0445
15.5043
14.4036
14.6659
13.8162
14.3652
29.4363
12.0062
18.1119
11.046
8.0607
14.7742
10.5284
9.05674
10.1481
10.1517
22.434
6.44661
16.2302
6.75571
10.8586
11.2954
11.5463
12.6281
9.18966
11.2738
7.55811
16.1287
17.9411
26.9068
12.0493
10.9905
9.83662
21.3172
11.323
8.87072
20.3462
9.48103
13.727
7.32459
11.646
7.68323
10.7623
5.82261
15.9457
17.8063
5.03316
14.8747
12.8859
4.86095
6.53886
9.04711
8.79998
5.54126
5.85468
13.7424
7.98898
7.18562
7.72101
15.3846
4.43774
6.98584
7.98289
22.6815
7.99433
20.9878
25.5772
8.15888
24.5994
13.741
10.0421
9.44163
16.233
10.4672
31.4754
8.7647
9.37571
8.34529
9.8483
36.2569
8.03777
10.0665
7.14513
8.21936
10.4322
6.98881
17.2916
7.10727
6.48985
10.7602
22.5776
18.0251
15.456
7.13856
10.0454
14.3005
11.1369
12.0787
9.92392
7.16586
11.6474
6.17608
14.6274
6.70229
5.24206
13.5298
6.37568
7.0397
6.4328
6.40715
4.43385
5.64452
7.76293
5.85876
5.12729
4.24859
24.8094
9.4137
4.30747
9.93466
17.794
10.536
6.20047
6.70578
6.76604
13.425
19.4804
12.8652
8.31437
6.99403
4.94882
5.19674
6.35155
5.55485
5.40618
7.62486
8.10252
6.072
5.03007
7.80034
28.2372
4.80343
17.6223
4.67058
6.24835
12.3166
5.7077
6.10139
5.82328
8.98941
7.15272
21.3294
24.579
10.9404
7.97118
9.70244
12.2032
9.19466
6.29748
13.2215
16.1855
23.9488
5.94336
6.30007
7.05528
14.2736
18.9369
5.52737
6.68148
16.8665
9.03638
7.43813
10.5445
5.30364
9.37491
13.3876
9.60064
5.97739
6.22378
5.4737
6.82597
10.1282
5.60825
6.73957
7.03698
7.77576
4.97364
6.00503
8.14507
3.97663
7.14327
4.50458
5.12858
7.93204
6.87582
12.3305
5.60059
4.09987
5.69268
4.93958
5.88274
6.68009
15.036
7.47185
6.67081
7.55946
15.7885
11.1961
9.77251
15.3481
6.2333
12.4768
9.29455
5.71954
7.18209
7.87266
5.60075
5.47889
6.48973
8.07809
3.96718
16.5083
7.49476
4.14571
5.21688
8.24224
8.85221
5.31008
12.7754
16.0168
11.3622
5.34325
5.38409
6.11869
9.94028
9.72147
20.0318
7.67548
8.60969
7.73112
5.0184
4.56235
4.03169
5.24377
8.11619
5.78704
4.86949
5.8784
3.86503
6.54913
7.18895
5.08123
4.89985
6.90977
5.43214
7.39968
4.98596
18.5382
6.71193
5.69872
3.93731
6.58082
3.52561
22.2261
5.31849
7.60185
6.81933
6.36986
6.17821
4.80106
4.76354
3.38306
5.7238
6.78256
6.15158
17.2091
3.81072
7.96223
6.94483
7.63138
5.3932
26.5912
3.9844
7.38401
7.68576
6.54088
5.27435
3.66065
3.77246
4.30951
4.46442
15.3665
4.83167
8.61053
4.33365
5.75752
6.7491
4.33046
7.03891
11.1839
15.4138
5.41759
10.9232
6.09985
4.26866
4.61197
4.61346
3.76886
3.31257
2.87942
4.64617
4.34264
4.04286
4.676
4.45079
3.02578
4.3044
7.1914
6.0475
6.3602
5.56421
4.61978
6.12494
7.22411
4.30538
4.94751
6.92318
2.79508
4.04163
5.14444
5.72768
20.0417
4.30209
6.26429
4.21766
4.39342
5.81926
5.12748
8.56068
3.09241
2.68844
4.2028
8.27278
4.54626
3.47214
3.72755
4.24555
3.47696
4.11511
25.3814
6.99011
5.94715
3.8297
4.48423
3.37411
2.57385
11.3942
8.39757
5.31416
3.34107
4.48457
6.18087
18.428
18.5058
5.18341
13.7425
4.77426
4.49374
5.57786
6.86456
4.20671
7.94998
3.62867
4.59048
5.90911
4.25863
3.84442
5.83435
4.01605
4.36435
5.26978
4.02346
3.31243
4.41128
4.63912
4.58506
3.42024
3.94527
3.42259
6.73786
3.70724
4.59015
3.16648
10.5424
3.94152
6.24835
7.31863
3.94576
6.0575
4.63597
4.362
3.39074
3.14849
3.53169
9.12302
4.69751
5.5113
19.2587
4.07157
4.4978
3.84901
4.6991
3.69349
4.31271
7.60829
5.19975
12.4912
9.51369
4.38828
3.02093
2.83101
5.60187
6.3805
2.77772
3.30274
4.09015
3.36236
10.1831
3.49945
9.16168
3.82747
4.25463
3.42534
5.74755
5.73399
4.44518
5.11257
5.99092
6.30059
4.25997
5.94511
5.25861
3.79978
3.75382
27.3987
2.50642
12.9814
2.56521
2.44244
2.36117
3.56672
4.46167
4.30475
2.49556
2.85134
2.84441
2.39491
3.14744
3.27608
3.76472
3.94148
3.1777
6.23841
7.40775
4.0814
2.76221
3.89448
4.14305
5.39251
2.95256
24.8356
3.35479
9.20037
11.3431
9.57951
18.419
6.22491
3.89186
5.75278
12.2021
7.60083
11.4264
15.265
5.2325
3.14402
15.002
4.84817
10.138
5.63639
6.6506
4.31878
4.16506
3.43995
3.86089
4.94951
3.25949
3.80901
6.13024
3.86046
3.37448
4.06273
7.88075
2.7481
2.62065
14.0439
3.71625
2.6627
3.37703
2.11833
2.95559
3.19014
9.05729
3.11416
4.33121
2.03904
5.61972
2.93836
2.52789
2.08479
6.18393
2.77522
2.63516
3.21222
4.18008
3.09695
3.29538
4.24967
20.7201
4.80749
2.79245
2.27465
3.43714
3.10003
2.92289
4.04765
2.44057
3.65439
3.43011
3.03728
3.5592
2.33226
5.83577
4.72781
2.3876
2.83177
2.26774
4.13458
4.4006
2.49809
2.46768
2.35112
4.6474
5.33924
3.27058
3.21926
14.5064
9.73448
12.8323
5.82322
8.92811
5.12615
4.9277
3.48445
3.24319
2.87473
3.63125
5.79527
4.62782
15.9001
5.66413
6.14077
2.69194
39.1901
9.47502
3.71612
6.64094
6.76966
3.35554
11.003
2.5027
4.15326
2.65157
3.31277
3.88222
2.45505
1.84276
4.22515
9.52481
2.29674
5.67159
3.10096
6.12629
8.01807
2.42742
6.00145
3.04921
5.77332
2.57598
3.03081
4.1097
5.49688
2.68106
4.34125
4.26645
15.4502
3.83033
10.0098
9.6522
2.255
18.396
5.09517
2.96451
3.42385
2.44936
4.14668
3.10346
3.23115
2.59661
13.0248
4.35538
2.94976
4.43897
7.23644
5.53316
3.09166
2.57602
10.9759
2.93705
3.24283
8.13965
8.79517
2.66295
4.29888
2.2894
2.8151
3.33193
3.57574
2.56758
2.1237
3.1011
5.24918
2.56804
7.91886
2.625
6.437
1.66713
10.47
3.31812
1.94449
3.03225
2.55996
4.41775
2.7632
2.52925
8.05609
2.78096
3.26378
2.47798
4.5488
3.41984
2.67016
8.09561
1.93397
2.10666
1.74119
3.48151
2.82882
7.70477
3.62649
4.09906
6.0963
4.76938
3.35694
3.48208
3.00902
2.46029
1.99631
4.61332
16.4493
2.7119
2.7953
2.11705
2.41949
2.54883
4.54785
8.43524
2.46607
3.27888
3.20031
4.43558
3.16635
3.28895
3.27707
3.44223
2.43972
3.59776
2.75215
2.03328
2.54581
9.49011
5.22792
2.73074
2.70333
2.70568
2.69717
3.15367
2.24414
14.8914
4.55284
3.26425
5.49945
2.5365
4.24045
4.13303
1.51473
1.72137
5.66117
6.63237
9.49751
2.09574
2.54996
12.1265
2.58455
2.05412
1.92873
2.72336
1.56656
4.51807
20.2237
3.39034
2.89145
3.00968
2.7671
3.65341
3.67835
2.34851
6.95658
3.22422
2.43408
2.71716
2.61492
2.02914
2.35809
2.49653
2.51821
3.35342
2.17226
1.95983
1.69479
2.47271
2.08403
12.6558
3.03428
2.7581
2.23203
3.32636
2.69304
2.87996
2.23558
2.36007
3.70354
1.99211
3.88001
1.66843
25.5117
3.48737
2.59258
2.80344
5.30849
3.39422
10.0221
2.01339
2.46211
2.45287
3.6172
14.0039
2.77567
2.21362
2.19437
5.05311
2.05093
1.96621
2.20407
2.29951
10.1872
2.9326
7.94633
1.6927
1.39205
16.3489
3.61814
4.54066
1.90899
11.5809
6.19873
3.6743
2.03192
10.4779
5.5274
2.32828
2.65123
2.75486
2.06236
2.25707
2.3239
1.83025
2.40201
3.48131
1.89212
5.14217
2.52477
2.84177
2.01921
5.05783
7.53442
9.53415
3.49433
2.08306
3.87743
13.7418
3.4296
2.43109
2.27266
3.27435
2.23268
2.8547
2.87785
4.6687
2.7805
2.48919
1.41487
1.97007
1.73065
3.56599
4.82708
4.63395
5.67096
24.5359
1.8878
3.03707
2.56117
5.07793
3.23132
2.35132
4.90071
2.18874
5.78463
5.0591
2.46816
1.84374
2.54526
2.32213
1.74865
2.10893
2.20481
3.92651
2.56363
1.51935
5.81242
3.76126
2.1805
3.14954
3.12543
2.04654
7.0667
8.32149
8.73404
8.6531
3.94195
3.9656
1.93038
3.56636
2.49515
2.45827
2.07706
2.23906
1.65595
1.71807
2.37379
1.92989
7.02935
2.75085
1.76927
1.78483
6.7087
4.52913
2.16668
2.4097
2.65296
2.39897
2.91316
2.15138
2.35549
9.2137
3.08187
2.12097
1.87878
2.00328
1.43462
4.02606
7.14458
1.78028
3.09008
20.446
3.91428
2.34113
1.92077
2.21005
2.48698
1.69845
5.45125
14.2632
1.83447
9.00754
2.37677
2.17219
1.2228
1.76964
3.22073
2.60315
1.30039
2.49645
1.6522
2.86876
1.79561
4.54864
2.22162
3.55385
2.73218
2.83808
1.54557
2.02075
1.92304
1.69068
1.59607
2.40312
3.27793
5.35117
2.79196
5.4062
3.31235
1.3465
1.72671
1.78169
1.95221
2.12028
2.06388
2.50258
2.52691
2.04165
2.13309
4.26733
1.69592
5.73266
1.56686
2.43629
1.9512
1.72942
1.60586
9.1208
11.2008
1.48528
1.55681
1.52403
2.03445
14.4859
3.26312
1.77109
5.23036
8.81701
21.3741
1.61166
1.8507
3.4395
4.23376
3.10284
2.04719
2.03781
3.71656
1.97944
1.59601
7.03959
5.3577
2.62387
2.13841
2.14436
1.15895
12.0157
2.5127
1.09627
3.02856
3.2545
2.01515
6.68296
2.10804
4.67136
1.80651
1.54451
1.5185
2.6062
2.08898
1.36955
1.27739
1.50996
1.47778
2.67491
1.52866
3.19036
1.81555
2.20957
12.1996
2.98014
1.54253
23.9051
3.14351
1.45749
2.93569
1.78124
3.07725
7.42222
1.70438
1.69648
11.5782
11.6092
6.61463
2.14198
1.95349
2.34378
4.55041
8.91204
2.0641
1.56697
1.56096
10.6252
1.73297
1.79615
4.94262
2.44709
1.22889
3.61103
2.1116
1.87199
1.25668
1.46658
1.38654
1.83452
1.31919
6.76845
1.87072
1.87688
1.68345
6.08602
2.39289
2.30968
2.09858
3.27109
3.95295
3.94735
12.3932
1.32835
5.57008
9.63151
3.24918
1.46005
1.75563
2.16535
1.94007
3.50471
1.9675
9.06
9.33116
2.02473
2.66011
1.586
2.33512
2.69285
1.23731
8.28524
1.46293
1.18204
2.41436
2.22956
1.25249
4.82755
9.19118
1.71939
1.71065
1.84962
1.52824
5.43038
1.98657
1.20823
6.02371
2.74534
7.63102
1.40297
1.83555
2.31559
1.83913
2.49292
1.45279
2.06829
1.55536
2.14893
8.53958
2.19526
6.89348
1.52683
2.60893
2.77036
2.22032
1.87084
1.26999
8.91332
3.19525
1.77261
1.77892
5.11449
5.46568
9.90279
2.39912
10.4604
1.21902
2.9071
4.44697
1.97382
1.37515
1.19477
1.30921
2.2963
1.63309
3.76291
2.34606
1.45236
1.61553
1.59072
8.12713
1.67189
1.86779
8.52586
2.08534
1.25592
1.74312
2.17769
2.3366
3.09087
1.88864
11.1755
1.71547
3.57056
2.19826
1.45501
2.12194
1.63825
2.07604
1.178
2.92222
1.91677
1.50835
5.6186
2.4666
2.32284
1.27007
3.57354
1.35633
1.30048
2.78521
2.12864
1.95532
3.63779
1.19957
1.22378
8.99861
2.42936
1.72775
1.60292
1.63722
1.95304
2.56611
1.09934
9.53715
1.82197
1.08394
2.22716
9.27025
14.6068
1.45098
1.51642
6.47944
1.76022
1.16651
1.64103
3.143
0.955979
1.93564
2.34354
1.74882
1.24025
2.19669
1.89109
0.880625
1.86994
2.78728
1.99376
1.84614
1.16917
1.34848
1.23154
1.2282
1.86268
3.27307
1.28372
1.37532
1.56926
1.38016
1.66384
1.64197
3.22312
3.36815
1.48113
1.16986
4.85509
2.29368
1.62457
1.44947
1.43696
2.53973
1.25499
1.8153
2.02213
3.51271
9.71975
5.08177
25.6633
7.791
1.68275
1.16469
1.99681
4.36393
2.54061
3.34198
1.60139
1.36637
2.49491
1.49452
1.24706
3.27385
1.56571
1.08
1.74331
2.14494
11.2263
1.98381
1.64818
0.893507
3.43648
1.4455
1.5577
1.1693
5.00441
1.0833
2.41298
3.20813
1.26138
0.970545
1.12191
3.05229
1.63988
16.8106
2.17419
1.17005
1.15944
1.91903
1.24261
14.4928
1.69789
2.9978
1.54797
1.50344
1.13395
2.04683
1.114
1.50512
7.05071
1.20702
0.991779
1.22039
1.48795
4.06604
2.49358
1.47058
1.13569
2.10232
4.30546
6.63257
2.36661
3.39848
1.58013
1.49206
1.85119
1.81965
1.58753
1.26371
2.57206
2.24132
1.463
1.69379
1.14633
1.25632
9.72864
3.66978
1.85348
2.69355
1.69822
1.30964
2.205
1.53518
1.2216
12.1579
3.87693
1.62982
1.75961
1.51085
1.45824
3.34912
1.81338
8.55169
7.99318
1.26885
0.990028
1.45695
1.4224
1.42747
7.48034
1.13417
1.01834
1.962
1.2061
2.86714
0.935467
2.72237
1.66209
0.84062
9.02262
1.18278
1.5142
1.85837
1.77833
1.341
1.10268
20.168
8.84962
2.01968
15.6359
5.24513
2.24334
1.26734
6.19024
1.04803
1.48264
4.42363
1.51492
1.81427
1.75866
2.50711
4.12678
2.3981
1.37445
1.45746
1.32997
1.70931
1.53858
1.88996
1.46845
1.14146
1.27888
1.73029
1.90129
5.01807
5.54534
1.18545
4.32406
2.01721
1.54094
1.45756
1.21414
0.94789
1.10384
1.16716
1.59789
2.85424
1.28107
1.37507
1.38759
6.14621
4.52777
5.88768
1.98914
1.48476
8.53872
1.74866
0.945514
0.873004
1.69699
1.0062
0.924809
1.08408
1.8779
1.48341
0.908246
1.58667
2.4509
2.43581
3.02093
1.1214
3.46017
1.79938
2.89005
2.5391
1.67779
1.98379
1.19571
13.6195
1.03382
0.964538
1.10887
6.86558
1.96899
1.62078
1.23673
1.89334
1.58544
0.983258
2.02619
1.17627
1.69559
1.13313
1.00947
5.48391
1.69885
1.51608
1.89609
0.873439
9.72641
2.42945
1.20508
7.24928
1.12188
1.53569
1.08469
1.03193
0.974134
1.31877
2.24885
2.27816
1.4832
3.13627
3.45038
0.766139
6.2946
1.09788
9.02459
1.35933
1.29529
1.55042
1.84774
1.11743
2.61178
1.13097
1.57652
1.66258
1.53285
1.0039
1.06025
1.90589
1.56657
1.87036
1.82051
1.11966
0.893945
1.1357
1.00885
9.61885
0.989079
18.2983
2.83414
1.59546
1.63442
1.34461
2.18085
1.62518
4.87174
2.03943
1.46297
2.09374
8.85797
1.44044
1.53494
1.23786
0.865671
1.3972
1.27558
1.41691
1.06552
1.39131
1.38814
1.11433
1.04573
1.14954
9.72216
1.33144
1.52349
4.20165
2.8553
1.10241
0.781001
1.31161
0.799192
0.838505
0.848034
1.24664
1.67715
1.11957
2.11779
1.78529
0.630502
2.80565
0.655835
1.77769
1.25478
0.570046
0.9399
8.61337
1.20188
8.23008
0.9813
1.38302
1.47402
1.26498
1.32622
1.23357
0.900646
1.83683
1.05934
0.660426
0.745127
1.87566
1.28392
0.838808
3.31058
6.70532
1.77456
1.0397
0.901331
1.12552
0.963971
2.58328
1.21897
1.00522
1.53505
1.86698
1.01049
1.4441
5.70314
1.0236
9.33852
1.78747
1.83786
1.89226
2.91973
2.26893
1.39307
1.73021
1.27767
7.85766
0.957344
0.881677
0.998546
2.39829
18.295
2.622
1.91008
4.93576
4.67274
0.930444
0.670143
0.783292
1.74248
1.46557
1.45104
2.03072
0.984723
1.35606
1.91618
1.29193
0.806482
0.841989
5.52299
2.6018
1.48491
0.925368
0.837262
0.944062
0.968766
1.06371
1.0773
0.918522
2.73443
0.701647
1.0745
7.18325
0.880403
0.921179
0.736489
0.84718
2.09054
1.23043
2.52957
0.982733
0.983153
0.934619
1.41556
2.92898
1.19541
0.750821
5.46396
9.23137
8.5339
12.4143
1.15196
1.16189
3.0159
0.916107
1.19844
1.14664
1.60457
1.11184
5.84579
1.44575
0.958422
1.20338
1.51594
0.835346
1.11701
1.20641
3.48082
3.8036
2.25214
1.18424
1.24643
2.94717
1.35129
2.73394
0.735249
0.859272
1.14597
8.44131
1.17343
1.29032
1.45039
7.53053
0.786412
1.0081
0.91661
1.00712
1.43028
3.67117
3.59315
1.28665
0.648631
1.43198
1.27219
1.48635
0.888513
1.22092
1.50689
2.26589
3.99713
16.1054
1.75307
16.1264
3.82333
1.26759
1.38447
1.07083
0.981458
1.43597
1.02383
5.33945
2.4558
4.03367
1.17607
0.860287
1.16872
1.61997
1.75077
0.75145
0.889243
0.601296
2.69618
0.901201
1.01676
0.807319
7.8358
7.29484
1.98653
1.60943
1.03493
1.84305
2.49579
1.09696
1.12557
10.3134
1.60285
1.11514
1.83868
0.872741
0.783571
0.980206
1.27998
1.11316
1.37437
1.25973
0.929404
2.07141
2.27954
1.29456
0.869622
0.877929
0.943142
5.2846
0.937422
1.72789
11.3923
3.99864
1.54284
0.588656
0.997282
1.406
3.39579
4.25769
3.07761
1.13672
1.08621
1.128
0.752175
1.25087
1.27931
0.712846
1.06688
0.904086
1.16394
1.40256
0.808924
1.00136
0.795961
0.819432
0.962419
1.30341
2.27563
1.70378
1.73603
1.28682
9.32161
0.787123
2.21567
1.60022
1.77117
1.29916
1.52375
1.24779
6.58783
0.63856
1.23947
1.97545
1.11577
0.781916
14.7665
1.6485
1.23421
2.75646
1.43436
1.5226
1.39008
1.69344
1.27457
0.901536
1.23477
0.824686
0.797763
0.793016
0.867952
2.99243
1.26969
0.887432
0.793348
2.93385
5.08146
10.6031
0.79463
0.996202
1.3583
1.41262
0.745128
0.754303
1.42658
0.987327
0.964782
0.886761
1.56641
2.19941
1.01248
0.689775
0.970439
0.824052
2.5977
1.04517
1.03017
1.1396
6.41766
1.87015
2.35615
1.94482
6.14703
0.910108
1.95675
1.66494
2.46607
0.617934
0.872936
1.28966
3.9572
8.58036
0.874063
0.682874
0.99437
8.61593
1.04947
0.943656
2.40479
1.46933
8.31579
1.13404
1.09745
1.18761
1.42022
0.67798
1.34682
0.870089
0.815417
0.873491
0.63016
1.34652
0.971279
0.680012
1.06278
1.06277
1.67748
2.08924
3.66646
2.51638
6.94381
0.846909
5.14022
1.08385
0.990475
8.59386
8.89152
1.2847
1.81188
0.743394
0.939652
0.930139
0.976462
1.07932
2.61604
0.959169
0.976634
3.05789
3.56232
1.21891
0.905898
0.750327
1.016
16.9504
3.68276
1.81391
6.65157
1.2468
1.1036
2.1011
1.38438
1.12567
0.814258
1.01708
0.845357
2.63999
0.990696
0.846261
1.17842
0.716208
6.84605
1.066
1.53961
0.838675
0.723982
1.07708
0.855967
1.692
1.1095
1.60373
1.24122
0.872992
10.4778
1.90777
1.6762
0.757584
0.64719
1.10904
0.581657
0.854978
1.1777
0.574785
0.916092
1.50206
0.937183
0.685799
0.685032
0.59644
0.802267
0.889676
2.02644
3.03539
1.08215
0.840606
1.02609
1.00588
4.64723
2.99299
1.14801
0.998318
10.3008
0.871532
1.07143
1.29301
1.67833
1.71901
1.54973
0.781274
0.454243
3.73518
1.07962
0.808089
7.27514
1.52744
1.03073
6.85167
1.20108
0.976018
2.13891
0.925505
0.868945
1.28549
0.786219
0.801944
13.464
1.5299
1.09666
3.04018
9.09959
1.38172
0.906248
1.58435
0.955159
0.826852
5.54084
2.50245
6.05497
1.61904
1.14517
0.790559
1.10322
2.11382
1.61687
1.02684
1.399
0.816103
0.532041
0.810031
1.03022
0.842793
1.92425
5.82749
1.28852
1.39669
5.03329
0.869846
1.48455
2.26388
1.10822
1.0636
1.24074
1.40238
5.35454
2.44093
1.04487
0.860808
7.78262
1.47319
1.16038
1.01089
0.956877
0.95808
0.823735
1.9793
0.915019
1.04771
1.21085
1.64173
0.631868
6.24559
0.791722
0.955571
0.645184
0.793163
1.44257
1.03639
1.16888
5.35905
0.729155
0.838023
0.778257
0.876347
1.15664
1.14313
0.867235
1.38185
0.902279
0.464596
0.933304
1.04573
1.06063
0.892963
0.819589
0.878444
5.35997
0.942979
0.695851
1.03374
0.840799
0.652336
0.624349
1.05487
2.26971
0.785069
1.45103
1.8022
1.11593
5.59155
1.16412
0.817259
0.632459
0.938575
1.37484
1.27433
0.769711
1.26927
0.573774
0.686548
5.82502
7.55017
0.66808
1.60172
0.685853
0.837957
0.558003
0.836034
0.876069
1.43122
1.83525
3.76199
0.679629
0.859753
0.893258
1.56153
1.3785
0.76831
0.655686
1.12053
0.619244
1.27677
2.11521
8.0413
1.87522
0.971038
0.60542
0.849436
1.10997
0.76575
2.01351
7.07681
4.63258
16.2888
1.10571
1.43957
0.910779
0.800012
1.43355
11.3099
1.17911
0.709559
1.8209
1.15856
0.836978
1.23155
1.47714
1.18459
0.683255
1.28337
3.03453
0.520212
0.881685
0.477331
0.711313
0.771562
0.72088
1.15985
1.20945
1.58377
7.91871
1.8726
1.1698
0.685852
0.6525
0.686607
0.968866
0.697588
2.82284
0.618828
0.705285
13.5264
3.58249
1.58117
0.989514
0.752131
1.85989
1.11563
1.50823
0.975562
1.37079
10.116
1.55605
2.4084
1.02269
1.09058
0.634673
0.537395
0.740691
0.908248
8.34095
1.34666
1.48405
5.70986
1.00927
0.728739
2.10445
1.32028
3.87956
0.876174
0.892586
1.42612
4.51007
0.947872
0.910376
1.06781
0.627241
1.33949
0.869856
1.50971
1.69986
0.713634
2.32573
1.32524
1.76175
0.905996
1.94707
1.96521
0.773206
0.688037
0.625155
1.3071
3.97182
1.18787
3.06186
1.58088
1.06207
1.01619
1.1459
1.43376
1.56336
0.663802
1.54559
6.2436
1.05788
1.21077
1.21036
0.865804
0.647623
0.602534
0.829989
4.97469
1.7974
1.30598
16.8179
1.12905
1.72887
7.08506
1.21235
0.7204
4.46362
1.29017
1.10757
3.85569
4.00048
0.809543
0.963477
0.879044
0.858832
0.90469
1.15931
0.599936
1.07293
3.85705
0.898476
0.933358
9.2757
1.22529
1.01461
1.7368
1.81662
2.39764
4.7752
0.908632
0.689945
0.70165
0.511289
6.63385
1.93848
1.11537
0.801868
0.891219
1.76133
0.629481
0.735007
0.664468
0.682071
0.878638
0.522635
0.747783
0.587112
0.812228
3.66483
1.2121
0.644086
0.653757
0.935941
0.747101
0.579835
0.943212
0.770459
2.80787
0.709086
0.886929
1.90253
0.884027
0.838187
0.476599
0.882091
0.802023
1.21343
0.702266
0.803695
1.19018
6.84838
1.03236
3.54861
1.66696
1.6814
1.01358
2.76127
0.725183
0.694558
0.596047
0.898337
1.294
5.04068
1.20741
0.579008
1.56854
0.788722
3.28971
1.0536
1.74866
1.21853
1.29545
0.668833
0.936902
0.67167
0.656766
0.871564
3.04311
7.6251
1.2193
1.40743
1.32384
1.06461
2.90499
