225.707
231.55
221.191
197.296
223.148
226.502
198.292
222.774
163.473
156.05
170.528
166.604
175.16
163.068
139.401
118.515
120.894
141.344
113.312
93.728
116.6
114.652
126.928
107.509
81.8491
124.412
109.977
126.973
90.7953
85.9104
85.4614
119.287
157.207
85.9525
91.7445
117.89
67.8769
132.421
80.1071
125.169
96.5282
57.2198
89.5487
97.571
133.9
106.915
122.188
120.087
126.156
148.597
125.588
92.4702
127.306
116.128
144.103
174.942
106.967
80.7734
112.078
69.9173
106.496
73.2526
107.914
142.811
110.361
96.6936
109.572
78.9314
119.62
127.922
114.527
118.301
120.899
123.085
86.6613
91.5911
80.2279
120.02
107.76
46.6438
117.799
106.241
138.022
81.8357
137.74
110.997
98.6814
87.6495
102.159
84.4562
86.0644
109.148
73.3023
107.076
111.772
108.372
100.074
128.616
115.406
156.18
120.83
89.0189
102.593
131.373
108.059
120.592
72.4775
68.7861
94.5036
154.427
68.2993
88.5003
133.219
114.916
63.9894
99.6552
122.562
75.5507
124.323
104.182
88.0268
92.0758
142.19
70.3768
92.295
83.0493
96.2868
101.036
65.9615
80.9285
124.558
85.3013
106.797
118.16
120.198
80.8349
87.0672
103.828
77.897
66.4695
80.3606
112.391
138.373
115.778
123.783
78.0449
102.187
97.0461
92.746
128.145
86.2624
114.321
75.1557
100.358
66.2053
87.3042
157.734
114.169
66.8592
157.34
81.9402
84.7266
105.688
95.4333
105.985
114.712
105.589
104.5
101.353
110.656
79.3374
95.2014
61.4094
163.719
82.8578
88.215
103.743
108.643
97.1012
111.393
85.2795
88.3587
137.338
84.9162
96.0407
73.0384
117.532
100.958
122.528
92.9473
94.047
71.9465
104.123
110.91
85.7085
88.8229
127.364
86.1258
102.218
94.5227
85.9437
99.7954
103.135
112.148
108.564
83.7246
77.8964
113.332
82.9419
87.5437
86.6236
84.3589
95.9305
75.9939
116.267
71.1667
129.54
141.817
77.7995
141.206
73.6062
70.0397
114.519
60.8946
100.375
72.8608
81.4908
116.352
165.424
93.2985
99.378
83.8367
108.127
133.605
92.5054
55.98
70.6771
119.67
89.7625
70.9601
95.0556
67.523
110.551
126.999
71.2486
127.333
102.442
120.876
61.4727
157.012
105.236
71.1432
83.6809
76.0717
117.684
99.2866
98.5127
110.728
92.6628
80.8318
88.3003
109.277
110.157
102.632
93.9884
109.558
70.4491
95.8126
109.747
79.6113
105.71
125.471
61.9204
97.1875
115.87
95.7538
77.9434
116.817
90.821
76.2507
105.843
93.3104
135.91
114.746
65.0308
86.549
166.518
60.5153
70.7451
101.112
118.465
97.9705
48.7967
49.9698
126.197
112.741
86.2554
110.979
92.2968
73.657
76.1905
104.884
85.1277
76.3139
113.706
127.263
108.637
80.8569
91.0546
81.4239
118.334
79.6639
75.3175
85.7288
108.893
112.262
69.749
49.1704
105.614
101.286
163.518
94.6644
89.6926
100.23
90.7695
67.042
114.304
92.2173
119.049
97.2165
61.9988
89.4309
132.308
77.4364
79.3852
96.192
110.445
76.7759
63.2749
98.4258
69.5832
78.0171
97.0085
81.8655
82.8062
67.4218
97.744
156.306
85.9788
97.1752
55.1717
82.0614
91.0054
95.9111
79.619
78.0226
60.6577
99.2058
131.401
77.9776
67.7361
69.2276
90.9844
131.7
92.76
95.0793
104.934
93.1386
86.3039
90.321
79.1043
86.456
68.7125
139.426
95.1564
82.6446
141.435
119.147
122.134
82.5809
109.718
76.9999
82.8776
82.3645
57.2781
113.625
126.846
82.2887
106.284
87.5629
119.287
96.2621
72.0722
60.3221
141.328
73.8091
40.4288
94.0017
61.0661
60.4742
90.8374
99.5543
103.974
115.122
103.432
66.3088
100.931
96.2404
90.4512
95.5402
71.389
87.4747
88.667
96.8144
54.7171
59.4004
82.1002
71.6757
93.2979
65.531
84.1313
76.2767
74.6824
70.2901
101.169
57.8288
74.807
91.5775
116.013
108.752
63.5824
94.0923
101.085
62.4617
97.3363
129.404
73.6066
64.756
117.108
91.8937
88.339
66.2599
109.662
79.4688
130.412
83.8192
64.6959
116.236
98.26
105.038
72.1092
93.2443
100.355
72.9097
96.6664
89.4044
61.4081
95.5143
95.0414
61.9221
134.322
80.3543
102.773
102.051
69.2522
76.0531
72.1957
86.6703
79.2407
66.6125
62.9704
98.3013
80.0444
70.3614
91.5905
84.1777
100.875
85.5653
61.791
69.9723
126.189
130.048
66.7221
74.1286
78.9891
74.0214
117.811
68.2348
81.3688
76.3781
89.0523
102.808
82.3032
104.671
78.2229
74.2708
124.025
82.3786
101.487
112.685
84.4781
73.6235
72.8432
76.425
70.4345
89.6151
75.05
57.2761
66.0691
76.4374
54.2952
58.5523
82.6182
61.0489
109.355
126.511
88.3069
59.6905
61.7337
101.356
56.3955
114.837
62.475
101.874
85.772
89.438
72.0848
50.7061
81.2711
84.0638
66.0976
83.7627
93.6914
100.864
105.065
79.1045
159.167
115.04
63.4975
58.3013
56.5751
96.867
54.0536
76.1704
72.458
71.5321
62.6868
75.1109
74.3734
73.2154
106.275
75.0809
66.9042
67.8603
89.5428
108.535
101.966
82.2818
97.5238
68.7983
61.771
99.4545
92.7877
54.319
70.937
52.2344
88.2193
81.5578
50.2594
100.97
102.504
95.6967
54.064
105.474
95.9013
53.1674
63.0073
86.4385
74.4381
56.7918
72.3637
74.5809
114.897
68.4551
46.807
71.8139
88.7613
87.1262
124.112
80.7632
62.2818
58.6387
68.6917
52.9475
72.1652
70.7813
61.7025
51.9906
81.4471
117.34
99.8583
106.68
78.0124
60.4366
88.0003
120.298
80.3314
73.1128
86.8731
48.9348
75.0579
49.2708
108.118
71.6873
105.626
76.1865
62.3534
48.3025
52.7316
75.0868
92.1546
73.2097
34.5767
71.5868
105.803
101.692
49.7679
116.507
77.6437
58.0606
68.9933
74.2012
76.3342
69.2008
91.1458
61.6556
66.3858
66.966
77.6509
63.4109
75.559
58.3822
83.4914
64.9788
62.6952
71.8673
62.2441
131.193
60.6658
61.5633
78.3082
51.7439
79.1095
87.9833
48.5357
81.7414
52.2557
85.2878
123.991
90.8854
53.6643
85.5194
36.0905
68.0342
52.7297
45.2884
55.7933
79.8776
56.9882
52.1217
68.9246
85.8655
79.067
113.176
44.6605
63.1537
67.1502
42.8033
111.124
66.0385
66.8071
72.1202
93.0713
70.9153
71.3513
72.2057
77.5254
47.3309
72.8902
67.8065
48.0535
125.796
93.509
63.8074
65.0976
72.7036
62.8911
100.11
64.3537
67.8757
73.3787
50.2709
114.285
63.6676
45.8156
119.234
72.8186
75.2868
110.774
65.4818
63.8286
84.2432
84.4759
77.8857
71.5056
53.4798
75.8078
86.0858
83.0169
84.12
69.2782
45.4333
78.9388
97.0277
96.2118
60.0762
75.6675
106.421
94.6665
84.7702
53.7681
67.9421
50.6848
63.3409
32.1135
56.8862
145.806
67.7727
61.848
50.6402
32.7087
98.2947
56.6505
66.7636
69.8539
69.0248
66.3502
142.542
54.4166
72.4506
50.7101
89.8117
73.0009
49.2696
47.1878
56.7667
61.4953
115.868
103.733
88.0724
98.621
84.8145
55.9461
59.3412
79.2329
65.8658
94.2045
65.6943
88.4152
68.3951
46.563
64.3338
37.2642
79.107
84.9374
83.4324
66.4943
89.7872
67.3828
65.6192
65.1148
67.7698
94.5133
81.5438
46.9696
53.7168
88.9809
87.1947
77.0154
73.7928
70.868
70.2031
76.5925
55.9842
49.5085
78.4409
63.5375
41.2496
67.25
64.5851
70.9829
59.5265
77.9703
55.8218
69.0213
50.1525
45.3352
55.9198
103.941
50.0807
69.226
69.43
53.9027
16.9009
75.9338
84.8747
55.3661
52.3936
74.0539
47.9815
111.834
108.006
76.7972
95.1262
116.313
79.0296
47.1188
58.4416
79.2787
72.4653
76.9162
62.4384
82.3073
48.3161
57.4437
79.8105
80.1751
64.3402
58.665
67.7153
63.7426
93.3345
42.508
63.3353
48.5979
62.9582
54.0556
86.0811
37.6835
39.3141
82.2277
69.4095
64.3522
104.173
72.5049
58.3099
49.2176
91.9157
61.2444
105.078
36.9702
53.0409
49.9321
53.3059
62.565
56.6914
64.4408
100.458
49.8447
47.8147
67.0267
42.604
74.1803
63.1874
49.1706
85.9278
79.8784
40.9463
61.1775
114.078
87.3511
49.7532
104.849
65.7836
77.3211
88.8599
66.7223
46.0639
77.9558
90.3531
65.7787
93.1547
41.7667
48.1817
58.862
45.1773
104.17
67.9302
66.2859
48.1976
74.8996
44.5806
34.266
49.577
70.4523
65.6693
69.2224
73.3926
137.692
46.84
73.5921
60.3139
74.3635
54.9659
78.0455
49.1277
38.1526
58.9665
64.9798
48.463
65.9428
48.4067
82.464
119.54
93.3476
47.9345
29.8825
49.2081
48.2509
72.068
74.6975
65.9561
65.1786
54.0953
82.5003
49.3373
114.556
66.8863
89.505
116.037
63.0662
49.985
56.7033
51.7255
36.1799
96.2963
64.6341
70.4247
79.1309
78.309
55.1695
67.9809
52.5386
62.1071
36.4242
78.7873
71.594
114.818
63.3888
63.5121
41.1372
49.4158
46.3214
48.5097
55.8984
49.6596
78.6517
48.0048
33.2045
55.5068
78.3662
55.1102
40.3406
66.1722
86.796
49.0985
106.321
74.7731
60.7181
33.7245
82.9991
81.4775
69.8931
71.1519
52.2764
36.7497
78.6009
84.9489
86.0639
49.6444
52.0426
96.7505
104.305
67.9299
51.1538
46.7154
55.219
94.1052
43.845
65.3477
85.7377
37.0533
81.2054
61.0317
98.7041
42.864
93.4722
47.7915
83.629
53.5519
73.2348
40.3393
70.1954
38.8337
77.9288
58.9102
49.1993
38.0303
43.079
61.5353
58.6623
46.1692
79.8143
95.359
82.6939
65.1168
70.6827
58.0508
79.0058
56.8506
79.1769
55.3842
42.0257
49.77
81.585
65.6214
50.6422
77.7291
105.823
50.3551
68.3485
64.1547
65.3689
57.0955
41.7374
73.541
57.6703
53.7405
89.5668
91.974
52.1246
69.1919
61.5295
62.2573
54.0815
59.661
83.9663
59.6051
45.7993
89.5985
56.0203
45.498
50.1319
75.8335
72.0147
81.3836
62.7167
116.923
82.1892
69.6479
87.124
56.1271
42.5787
36.7584
68.691
42.0635
56.0841
82.8242
94.5891
74.7614
47.1644
64.1024
62.3922
43.4232
40.6062
54.3756
80.6651
53.1062
65.6957
100.316
67.3371
52.9998
46.8988
58.5238
63.9307
36.6503
71.9854
31.4807
43.7792
56.4003
74.7688
114.074
65.036
57.3839
56.798
86.297
51.8737
116.57
75.3502
57.0079
82.3488
72.8598
74.8283
75.4679
85.9834
79.4499
61.8141
49.8948
45.3984
36.6747
38.8558
59.619
41.0646
78.1612
45.5482
59.3093
57.2473
56.767
79.3483
76.2299
58.3717
65.0392
59.6571
87.1213
68.1752
66.8897
23.4623
40.8672
42.3439
47.9243
75.6267
50.9104
51.6225
40.3942
45.3613
56.6628
68.3291
76.6265
63.5823
75.3142
46.0088
59.5032
73.4681
68.5901
53.8015
53.5955
57.3081
75.6246
46.4838
73.1087
65.3028
48.5648
75.5912
104.349
63.9595
61.815
45.5665
68.9595
42.711
47.7522
73.0661
30.316
41.3435
43.9683
51.1771
84.2903
61.6384
88.4207
65.9885
75.5049
48.1765
79.8131
54.6511
65.1175
75.8274
48.1679
89.4524
42.0515
66.0066
49.6623
87.8798
51.0505
50.5566
57.7543
33.312
55.5448
99.5579
27.4818
49.699
75.5679
55.0372
54.4719
57.6991
40.9601
60.813
69.9185
64.1293
60.3639
50.1004
27.6013
46.901
55.2137
40.8822
66.6722
75.3007
53.8162
58.1421
98.9977
109.46
51.8844
55.7668
52.2799
66.0163
55.144
43.7763
53.9905
57.8211
67.0296
40.3707
55.053
53.4344
33.9002
97.073
64.6606
57.6442
72.9725
32.2085
52.8741
78.831
74.5032
64.545
49.9062
54.8221
46.3506
38.8073
42.6574
52.5468
55.969
76.2567
54.6965
93.5244
30.661
26.4414
51.3952
50.9737
71.0178
64.1691
42.4632
55.4451
81.4894
50.7392
73.5426
50.0226
45.9252
69.2918
43.1395
52.6604
55.5163
55.3971
49.4637
68.8823
67.049
85.7151
56.855
48.5345
45.3402
48.176
71.5222
39.1395
42.2058
54.2236
67.553
69.7206
59.2366
84.8167
62.2549
75.8978
52.4143
62.1839
68.4197
45.9516
59.8629
48.0555
70.5838
40.8963
55.605
45.188
53.5866
73.9589
33.9478
40.6126
35.7704
84.6851
36.0013
49.7671
38.0567
49.5185
57.2164
42.6042
34.2163
53.1158
89.6994
65.2146
36.2371
47.5761
55.2252
33.1378
51.2958
60.6311
62.4182
85.8498
46.57
71.9813
78.5823
46.7125
90.9081
43.4363
64.9536
54.2931
61.7718
48.235
62.3481
76.7587
61.9883
40.0666
54.8661
70.3597
51.1552
33.234
50.8355
24.4711
60.7451
54.9136
35.4193
62.2759
62.3448
32.2691
46.2843
31.2194
40.4981
103.258
64.1404
25.6659
47.8546
37.2191
61.8541
90.3788
61.3131
53.8797
71.2471
75.7385
53.897
49.3739
41.1213
72.7502
48.8037
25.4812
50.3946
83.5851
70.7973
49.3178
68.5606
30.0179
72.3684
46.4708
33.2117
45.2684
52.6763
53.2885
54.3733
53.754
52.1641
59.6119
63.6708
82.5307
40.3113
45.3222
38.2307
65.2996
42.5636
39.5199
70.7282
80.2964
48.6756
35.0149
50.1028
41.7743
51.3903
49.637
64.0495
56.6777
60.1398
55.9257
37.6729
66.5262
58.6159
71.5308
56.5669
40.7057
25.5022
46.1251
33.3988
55.8763
34.4018
64.5838
46.8789
53.9247
32.0849
33.4608
45.8626
43.9658
29.2053
62.4969
54.5415
70.2992
49.009
44.2386
48.2535
87.3006
77.1987
52.6987
22.7002
62.2634
39.6062
55.418
50.1312
68.8155
88.0207
40.4838
52.7013
53.6681
69.7736
47.5751
46.4589
88.2962
44.2609
68.4153
43.5296
48.3379
53.5251
43.4626
70.897
43.6372
64.9726
96.763
44.2279
42.8175
41.2952
65.9648
61.3863
45.4375
55.964
45.2544
47.0586
49.3188
48.4207
52.6829
44.2214
67.7812
51.6523
29.3231
72.8663
52.1675
57.1073
84.5837
39.8189
63.1791
39.8444
50.2241
55.7235
50.9974
46.7793
59.7351
36.5042
76.4426
46.7931
50.511
36.683
27.465
44.7764
60.7632
60.9386
43.716
55.512
63.8055
43.947
54.3756
45.4715
57.8432
40.6773
48.3186
45.345
48.1022
37.9771
72.8146
34.7007
52.414
58.0203
45.6272
49.3866
44.4267
47.4199
61.6612
56.0722
31.6675
41.933
34.3775
23.321
51.9686
36.227
74.7644
45.739
33.9708
72.5721
42.7556
51.5483
32.5532
51.7551
39.4597
53.3063
76.1362
51.8411
45.2943
71.5237
41.9529
70.9568
39.627
44.5896
78.9756
41.3918
42.0967
41.4618
41.3148
35.0675
40.8319
42.0924
54.9646
39.6929
36.075
69.2609
47.2973
52.4181
53.914
39.7961
41.9009
44.2843
39.6503
37.3473
67.1891
35.4832
51.3875
49.8326
39.2521
43.6877
39.0615
41.7099
56.1995
47.7327
59.5755
52.9633
43.6821
45.1595
30.0165
42.9604
42.258
43.9122
43.4957
53.5435
49.8621
61.8985
53.2696
39.7816
33.3856
47.2893
45.6318
31.8945
57.5704
45.1991
67.9348
74.0937
46.7865
49.7762
42.087
55.2232
45.3779
50.9296
60.9334
35.4484
73.9252
69.8439
31.6487
72.6956
31.5867
47.5859
45.3049
27.6689
29.7772
36.7247
38.9559
37.7108
64.7433
44.0804
28.8529
40.1551
22.9331
24.62
18.7723
53.4656
28.9235
36.1249
34.8662
28.2182
39.217
29.7663
83.3334
43.5225
63.2336
46.3743
55.5435
43.6653
56.0
33.575
53.0659
38.8288
46.8952
31.3807
46.846
55.9032
37.9333
45.4008
76.608
75.053
26.5757
41.9499
39.2112
38.5395
51.5849
50.5512
34.1106
44.1878
38.7169
62.0827
90.1158
36.7601
33.7587
43.7116
46.9965
36.7183
52.0555
48.4984
41.8502
42.5866
49.1693
27.0802
56.2405
40.6584
40.0999
52.2487
34.9529
56.6769
27.8725
54.881
60.2821
30.9794
33.697
51.0045
38.905
56.9793
34.9149
58.615
58.3602
53.3136
42.2529
28.9414
46.1189
41.7316
19.7216
43.3398
57.888
39.4447
66.0076
70.8018
47.8964
44.7456
33.9152
51.4883
36.7722
36.9061
39.3511
50.7847
45.9726
61.614
67.503
28.3245
59.1108
20.5228
40.3868
27.7318
43.0664
37.1686
58.7346
49.1084
39.0517
31.4681
49.1164
63.3276
32.3934
35.4821
26.4603
48.1662
33.9826
39.9481
31.5019
34.3277
49.1142
37.5776
75.1697
42.4862
40.5544
36.7151
28.4084
38.6633
66.6533
48.0122
50.9178
61.0647
53.7107
28.3687
57.8973
48.4081
30.0451
38.4896
38.0229
40.4185
34.3413
48.0133
48.7061
65.2117
30.6461
26.2245
38.6006
16.1322
32.0692
42.7627
41.4392
36.5645
32.6287
33.2242
23.5716
36.5166
28.7342
39.9851
40.777
27.3055
43.8209
55.7017
33.8505
81.4451
38.1933
33.5125
49.5705
30.289
47.3788
30.4192
43.9137
38.2663
49.0669
42.0204
26.8097
48.0265
34.0432
61.6208
66.0815
49.2774
57.9294
32.4087
41.3373
42.5936
36.5949
51.5628
30.9501
24.55
31.3499
58.0956
42.0006
28.0739
35.3884
52.2299
48.6042
79.369
55.4114
50.1958
51.0011
27.3715
36.7899
41.6888
40.3078
39.353
37.4139
25.0421
61.4996
36.3049
47.0179
49.5695
36.0232
57.4101
36.3707
26.851
42.2748
57.1225
50.7795
46.4094
26.6067
24.3291
50.287
56.7167
23.1562
36.9893
36.6922
39.3692
24.3634
33.3313
50.6402
20.7387
33.3
37.7604
34.1786
28.023
34.18
49.9652
43.2943
67.8748
25.7321
23.5914
36.4137
72.2727
36.7112
43.2502
48.4099
46.7077
26.7988
42.2504
37.6502
39.2903
39.0926
41.894
38.0373
43.2985
34.9837
73.264
32.2804
30.8378
61.4047
50.4172
35.0027
27.1005
34.4922
31.7494
23.1043
34.8918
31.953
32.3904
22.6545
47.1805
48.0834
27.9538
37.7116
40.8338
29.9758
36.9834
30.3386
42.6337
41.3981
46.4182
52.6239
37.429
21.236
20.1115
35.0781
50.058
21.709
46.4395
40.0275
46.0686
32.0822
33.2999
55.0049
39.0927
52.8635
57.6045
34.3502
36.7195
31.7067
39.2287
31.0769
30.8451
37.1876
26.3554
46.4223
29.641
28.2109
41.6483
22.8056
46.0329
47.6336
28.0942
54.2731
22.9313
39.2772
38.6017
39.3405
33.5618
37.5287
26.3486
35.7156
34.1495
51.0506
53.6693
39.2865
30.5014
36.9782
64.666
18.7403
55.9892
47.9307
42.0311
46.9293
37.9103
45.983
55.7581
38.8815
33.686
28.5541
21.0725
32.3937
35.988
35.362
40.6044
25.1166
26.4292
27.813
28.7774
46.963
38.6059
15.5099
24.6281
28.8413
34.0585
20.431
31.4713
29.8271
37.4038
31.9208
27.518
25.4731
23.6241
32.361
50.412
26.5995
35.4196
35.423
31.1899
40.1293
55.7943
33.3306
23.7527
48.067
27.7561
19.5348
34.2569
42.9032
41.1224
41.2193
49.7189
25.0344
33.1519
27.3838
27.7568
49.2679
31.7346
32.0871
17.2469
38.6609
34.5922
74.1818
30.9426
66.7946
46.474
33.4952
31.6287
32.9856
59.8581
46.9696
33.4122
36.0746
45.1441
58.3987
34.3288
32.8165
32.6215
31.4304
22.4043
19.7256
35.1128
42.9594
19.37
27.6497
21.4227
37.0863
23.7432
36.2091
30.893
38.4864
32.1447
23.2981
40.6454
28.5768
27.3326
29.8579
34.3156
31.2045
36.8353
42.0214
23.4761
23.914
25.8964
36.9549
48.383
36.3194
51.6454
32.0075
34.061
37.5282
21.891
14.6575
29.8142
31.3434
32.0763
32.0678
39.6999
23.9102
38.3026
25.9736
51.6532
37.9291
25.9505
36.3499
27.6274
29.7449
28.2596
62.7981
29.7411
37.1655
29.8551
56.889
23.5467
43.0635
27.6156
32.2743
46.1867
44.5417
44.7094
37.6656
24.8809
21.4431
43.3447
26.0641
29.249
29.059
21.0625
33.4397
22.4487
23.7732
28.0719
25.6338
25.9039
32.7504
31.163
34.9539
24.0325
33.1473
39.7748
38.373
32.6734
38.7298
21.1573
34.0788
33.5113
26.4571
34.0708
21.6733
44.5581
38.9258
21.1982
28.558
21.0751
36.6225
44.3495
46.536
40.4791
38.6445
25.6388
23.7448
24.1376
31.3964
50.0489
38.7193
30.7017
32.223
46.3818
27.9406
41.1477
32.562
51.6707
32.3207
35.8114
44.6607
54.2506
44.5269
46.0913
31.3976
28.468
21.9483
46.5487
35.3356
30.6312
36.9638
35.0767
39.0264
19.93
22.1793
28.0175
26.8809
42.2621
28.5655
19.7823
23.1913
17.8442
24.337
24.8823
20.5997
29.279
19.4316
36.0559
26.6611
30.7517
23.5292
26.9637
41.5724
21.2716
16.7919
13.1102
28.3028
25.9302
23.0476
49.4373
35.9886
25.1956
27.2312
38.2882
31.5289
30.5015
22.3498
23.8964
18.5587
44.3949
23.6934
22.2618
35.4777
22.4935
26.7852
48.2009
17.0714
33.6772
33.5168
28.6693
34.0016
42.5201
27.7406
41.9477
32.3541
31.7641
23.7668
39.0011
32.0097
34.2009
49.5989
23.5031
50.5089
22.6022
21.7805
36.7533
41.5595
33.0309
21.1029
32.8606
35.528
37.6041
34.015
30.2166
27.679
27.5621
27.8667
20.5958
26.9392
13.1232
25.1604
30.0455
15.4604
48.2341
20.0225
57.7133
29.1932
19.0935
25.1103
28.4533
28.8328
37.9158
28.9338
36.3351
25.8125
37.393
20.3063
32.4027
33.6911
23.2526
23.5923
18.25
48.2083
20.0386
31.1323
25.4814
28.7861
17.6221
29.9992
49.295
36.4865
48.4153
14.3054
35.9576
27.154
33.3076
28.9984
29.0852
23.5104
51.2293
30.8068
36.7375
19.1974
28.65
31.1965
40.4312
29.7337
27.6815
28.2553
30.3615
22.3754
41.1037
30.1492
45.7153
39.1317
23.2671
25.1022
23.4752
14.1445
39.9714
38.6436
29.5614
36.5032
18.3537
26.689
20.0634
16.89
16.86
22.6629
37.1812
33.3349
14.9334
35.3901
32.6616
15.0319
11.2542
16.8034
29.3129
45.221
22.1081
20.4321
29.7158
29.737
31.4347
25.7586
23.0052
27.3819
24.9331
17.8155
19.6385
16.8306
21.3473
26.5537
26.0639
39.8498
30.1937
40.7974
18.6891
15.2833
42.9438
17.9008
22.9315
31.4773
30.3161
23.1845
24.555
30.1122
28.9844
19.559
25.7764
32.5397
19.4219
44.4911
27.0431
36.6399
34.7768
20.9397
28.9373
40.5132
33.9069
17.6975
22.7351
34.0516
20.2053
39.5746
37.2165
27.0048
31.8006
32.6203
28.9462
28.2073
18.7142
23.2356
15.6761
17.1061
18.0063
29.2199
36.4323
11.4587
20.9255
19.3003
35.8826
27.1929
48.9732
18.7978
38.3041
30.1237
24.576
14.2548
17.3346
26.1744
30.5261
19.5117
35.6337
28.7053
22.8805
34.6698
22.9051
38.3137
21.2783
22.2491
23.6173
23.149
15.0012
26.0289
20.2272
32.4993
31.708
15.4099
20.6203
41.3157
30.7204
30.0637
22.552
49.3851
27.9113
15.011
38.4439
27.6937
36.2112
19.0048
34.0816
25.2831
28.2024
28.2525
20.0887
31.5069
27.6237
20.3343
12.851
21.2014
22.3263
21.9919
18.3194
23.165
37.8855
15.9283
19.8306
32.9052
22.9961
30.6876
38.3603
18.9298
23.4581
14.9071
12.468
25.347
21.14
21.0556
20.3989
24.136
26.9011
20.2617
19.0192
31.6549
17.5994
34.8705
18.569
31.3676
20.4055
28.3337
34.9658
40.1582
29.0472
24.6633
18.2917
19.8003
17.0521
19.0873
16.0078
32.0696
26.0212
16.7909
13.7977
18.8655
18.1888
40.6872
38.5743
15.7892
23.0719
25.045
48.4888
28.5279
27.7804
20.3275
18.8696
17.1844
25.8327
29.96
20.929
35.9485
17.5373
35.8387
34.5807
21.3585
17.9165
16.7581
47.0301
20.7997
23.1079
28.4689
25.2238
29.4498
13.8763
14.3147
30.9837
23.5004
23.6039
17.2925
33.7724
20.1593
26.4459
21.653
23.0775
19.6265
30.2467
33.3396
33.5533
27.564
18.3607
17.3049
17.9928
27.5835
11.3164
16.6457
20.8303
26.8915
18.4576
49.8418
25.8412
24.8744
28.0137
19.8814
28.5724
20.9206
14.4234
16.9977
15.0649
21.0851
12.7344
23.3345
19.8822
23.9789
25.94
19.2964
14.6603
33.2943
16.8531
30.2828
34.4673
24.2589
21.9205
31.5327
20.0515
14.8079
31.309
37.7936
21.5097
17.2326
18.8373
14.9938
18.6727
17.5545
25.2032
30.1887
29.882
32.4026
32.7288
16.002
15.549
19.5243
18.0171
30.2661
18.5064
26.7322
22.0725
29.8059
27.4175
34.9028
14.0335
19.0756
18.6538
29.4699
24.3086
17.5781
18.4388
22.4289
21.4965
12.9761
16.3426
23.8797
23.9383
16.5921
21.5889
18.0665
27.0525
25.8678
26.724
25.148
30.8013
20.2626
19.8465
15.7915
35.2332
11.7473
16.3658
33.8038
19.2815
17.3519
14.8597
20.6285
18.2977
34.9145
28.6413
32.2766
21.1505
26.3103
17.2252
20.3982
25.7505
15.1614
12.3148
31.8604
17.3264
27.4401
16.0737
12.1883
15.8981
20.0459
17.6477
24.9323
19.5007
24.6334
21.825
16.3965
20.6237
16.9663
29.2928
14.2228
19.0801
24.6996
29.8704
18.8729
14.1557
12.4597
31.9259
14.3417
23.0593
20.2806
17.6716
12.8829
21.1814
21.8179
17.1041
17.1806
26.5082
15.0338
14.4575
16.3502
31.5993
21.13
19.9548
45.404
12.0684
19.7347
16.2561
28.3726
17.4225
18.9379
26.2093
21.6913
35.573
23.0669
10.9751
19.2521
15.2952
19.1319
24.2658
29.1786
28.2483
15.0981
20.9982
19.3739
15.2149
15.3604
18.5147
25.7956
12.932
28.5967
25.1958
33.4378
23.5351
36.4298
20.4558
15.8388
24.7081
23.2448
17.4364
19.6049
38.1848
15.6972
21.4404
22.3812
25.6791
35.7663
13.9117
18.0794
25.5512
13.9696
12.2849
18.1891
14.0512
18.5848
10.963
19.204
23.8915
21.1018
33.0071
13.5307
23.0107
18.3972
13.6582
19.8465
28.5302
18.0727
19.8796
9.79593
22.3516
28.5381
22.4746
14.8791
14.2177
18.0213
23.1426
22.7077
11.4135
18.6057
18.9375
23.3141
22.0232
15.5853
20.3704
23.2836
12.2159
19.1904
22.7424
19.4775
18.0582
22.3192
16.7026
19.8679
20.6467
14.8187
12.4118
13.1393
15.4233
20.7988
17.4726
15.7961
35.464
20.6736
18.2671
37.0447
22.6573
10.9704
26.882
13.0631
12.033
16.5527
25.0916
23.6255
17.3192
15.3932
19.8262
18.1041
30.4897
11.9207
13.0283
15.7696
11.6101
16.1673
14.0296
15.125
13.3843
18.5219
12.7462
34.9983
12.5418
25.7794
21.6114
27.0134
14.4435
21.9744
22.4615
11.9058
13.7709
14.3369
19.5355
22.3998
16.0849
18.0284
23.8089
15.2501
15.528
14.8795
10.1309
10.8293
12.7944
27.3652
13.0433
16.658
20.5171
20.7489
21.4775
17.7058
17.4536
26.5027
23.4993
14.5882
14.7409
21.8984
20.7499
12.6117
15.2649
13.6783
19.9567
23.7706
27.7192
12.0077
14.3786
36.0333
10.5724
12.8654
23.8704
21.3074
31.8157
15.8892
18.3614
12.7225
30.8446
17.0048
21.3097
32.0532
13.1035
20.7539
14.0121
10.5716
12.1293
13.9968
25.3142
17.9108
10.4802
11.3808
10.1317
23.4696
12.2105
25.0984
20.2618
15.9308
24.5734
27.7491
26.7709
13.0968
32.7165
20.8108
14.859
21.6973
17.692
11.7851
27.8315
12.3364
12.3432
35.7691
19.5363
10.9636
10.2759
17.1307
18.2762
11.0043
16.1291
29.8776
9.92911
18.0623
16.108
11.7654
22.4887
20.4372
13.364
16.733
25.885
21.3697
13.9142
17.9179
15.8371
36.9715
19.1444
21.3165
14.5363
10.8648
13.7709
20.7967
12.1284
22.7039
20.8421
17.0608
13.9299
16.77
15.7465
13.8909
17.2147
15.4089
10.6395
12.13
22.7981
15.073
10.7543
10.6183
24.1353
20.0759
11.8509
11.7291
15.4742
16.0931
21.5875
16.6137
12.8585
18.1014
20.5438
14.1756
23.6546
13.1779
24.1971
17.3556
16.7644
12.9998
29.2089
9.37784
19.9399
22.846
17.2535
17.9159
16.6773
17.582
9.01343
13.428
17.6073
9.19869
15.6563
16.733
17.6195
21.9728
18.1996
23.8145
11.2994
19.3185
14.4231
19.9954
20.1942
29.6118
19.5786
13.7945
19.174
16.6877
22.8101
16.6916
26.2644
24.6563
12.8631
12.3929
13.1913
14.6643
10.3528
9.80986
15.2206
11.0001
23.2818
13.1669
10.5002
20.6751
12.8062
18.8473
11.7975
20.0474
11.916
14.5262
14.4307
21.6717
17.0546
18.4052
13.7196
10.2571
12.2014
17.6464
16.7619
23.5704
12.5775
23.0082
17.5722
13.9662
20.2635
10.5888
12.8779
10.2393
15.5181
12.5755
14.4376
18.6029
14.2622
17.7782
14.8584
22.5173
12.5391
13.3968
15.058
13.6209
16.7133
23.4505
16.2142
14.6459
13.7561
12.2715
19.9529
11.2374
14.977
24.1974
15.3925
10.0153
16.1033
16.0795
15.231
29.1156
17.8094
9.3641
17.3512
16.4207
14.9161
13.0077
15.7886
23.5969
11.3928
10.416
11.6989
16.5682
11.8384
12.1372
26.7167
8.75508
14.0033
8.60481
10.1314
12.7684
10.9277
12.8565
17.9752
13.7917
21.3703
15.1225
11.6148
12.0356
20.2807
11.1314
13.6321
10.7176
17.2777
8.94246
11.1672
9.98377
20.1544
16.2531
14.3374
22.8851
15.2949
25.7936
23.7502
14.7213
13.5573
14.1716
10.7258
18.6397
21.4297
14.5175
10.8338
16.7221
12.7496
13.5787
18.4239
17.2725
14.7859
30.9517
18.437
11.5226
15.0974
20.1827
9.48641
11.6249
14.7472
12.5894
18.1908
23.2565
8.45714
13.0249
13.8499
16.3915
10.9994
10.6592
15.2357
10.4933
11.9978
12.9898
16.1194
11.6012
8.34336
11.1983
9.26974
10.161
12.3351
16.2849
13.5495
18.9168
6.54789
9.42654
8.26448
17.1522
13.9598
11.4369
28.656
9.94246
9.33064
13.8018
12.3
16.5543
10.4922
10.51
10.0924
9.9033
10.099
13.8698
12.5506
11.7052
22.4204
22.9253
11.5344
11.5875
10.5171
15.478
14.0548
12.8628
12.6813
13.9227
22.3561
15.6101
19.9269
12.1387
13.12
13.1484
12.0472
12.7363
14.4472
22.7886
26.2189
19.4519
13.8482
7.32529
12.7398
14.2933
8.89656
17.1827
12.7522
17.8385
12.3626
10.5786
29.6874
18.204
7.06113
21.4731
17.0208
16.9011
36.6186
20.2334
12.2048
19.9386
11.2948
9.90293
12.4959
12.1537
20.2492
6.87975
12.1557
11.5646
15.3537
18.5635
9.71052
9.33968
12.9812
22.7136
16.7822
7.00434
14.7845
19.1923
10.5836
11.0488
15.8996
8.33323
13.2391
10.2211
13.0528
11.8207
9.26538
13.7354
14.3649
12.8449
21.3506
16.0417
17.285
12.2794
18.2556
13.9439
18.9643
10.0118
17.1094
13.4934
11.9834
28.0369
17.5457
15.5985
9.09432
16.9296
8.63623
18.5662
18.5539
15.3666
13.8466
14.4912
22.7756
12.6516
18.0647
17.7041
22.5868
13.6283
11.683
20.3583
12.6114
8.93347
13.3206
10.9662
13.4623
21.0521
14.2454
9.68173
11.498
11.446
15.4983
10.111
13.5602
9.47027
12.9572
14.9078
6.42742
9.03113
11.6725
14.1794
18.6405
12.7618
13.8813
9.93833
14.2361
12.9511
12.4578
10.4228
9.37994
11.5473
16.3293
17.5036
13.509
22.7428
21.2607
9.386
6.70161
9.20291
12.3877
21.6266
12.074
8.61663
6.51935
8.90302
15.3514
14.6855
12.0014
12.3686
16.5888
15.7765
14.2011
11.0725
8.30526
10.9366
18.8463
14.7368
14.8799
10.5305
9.48112
19.8008
15.552
8.56968
29.5424
15.4682
10.5712
19.8063
14.648
7.86885
7.91014
13.0334
15.7342
12.4918
8.11985
9.57128
9.57805
12.9862
7.60066
16.6272
8.50371
7.87304
8.41896
10.87
9.73304
8.53034
10.1191
12.0654
13.89
12.4219
10.1022
11.7138
6.21154
10.3911
6.00546
10.9311
7.97371
14.6197
12.5058
8.71268
15.3496
13.5095
27.9258
12.6006
7.65036
11.331
7.98244
19.0235
8.11457
9.6694
16.2487
14.3374
18.308
25.2251
12.7541
8.1472
10.6927
14.1873
22.9188
24.7792
34.0821
24.2011
11.12
13.4702
11.6374
9.60085
7.82553
11.7312
8.0691
12.6339
9.55632
10.5558
7.18743
10.7287
7.78305
