0
11
21
16
21
11
26
26
21
67
16
31
62
27
31
36
18
31
11
72
13
36
26
26
43
26
21
27
26
16
6
16
11
36
27
26
47
11
20
18
16
61
26
31
26
21
11
11
6
21
26
21
26
21
13
26
6
4
11
6
8
16
11
16
62
11
1
29
31
6
31
11
32
6
22
57
27
57
26
22
62
6
11
36
11
26
19
1
21
31
16
31
12
11
6
20
16
6
28
21
18
16
21
21
11
26
31
9
6
9
8
21
11
15
26
26
16
31
20
57
65
77
6
11
21
26
22
11
6
17
16
11
21
17
11
11
11
31
21
23
26
6
1
6
11
6
32
16
26
11
12
26
6
12
31
