0
-4
-3
62
21
26
21
26
36
11
27
67
31
31
29
57
31
31
11
31
57
31
16
36
43
32
16
67
-6
31
67
72
31
21
26
21
67
11
26
62
-1
21
52
67
36
16
52
26
31
31
77
16
12
67
26
36
58
26
0
72
21
62
21
36
31
67
31
26
21
26
26
27
31
63
52
31
67
62
21
72
72
31
67
31
26
27
57
21
21
16
0
16
26
31
26
36
58
12
67
62
21
0
28
52
67
0
31
21
31
61
31
11
36
21
26
18
36
73
26
47
36
26
31
57
16
27
40
57
36
21
-1
68
21
31
36
31
31
21
22
31
20
-1
26
26
16
26
31
26
26
21
31
57
31
67
-1
36
-5
26
56
31
31
26
-2
31
0
31
21
31
31
21
43
16
31
26
31
36
21
26
31
26
21
44
36
26
21
21
21
31
1
31
62
57
22
21
52
21
21
21
31
31
67
31
16
21
27
21
-1
82
43
21
26
66
11
21
41
