0
17
57
6
67
8
22
52
16
58
31
21
18
23
21
11
16
43
26
21
22
27
31
18
31
21
26
11
21
6
14
11
21
11
28
7
6
33
26
6
33
31
26
31
26
31
16
21
31
32
12
21
21
21
6
29
12
31
26
26
36
12
12
6
26
44
29
6
16
6
67
26
36
63
26
0
43
4
21
51
11
16
36
11
26
11
36
11
21
11
5
0
11
11
6
16
6
11
8
31
8
31
28
33
16
0
22
59
6
9
16
6
1
26
36
31
26
26
44
10
52
18
5
31
21
22
36
26
11
26
26
31
0
26
26
16
21
11
57
0
26
12
16
11
6
2
22
21
3
6
22
52
21
3
32
21
12
0
42
31
11
24
12
1
11
23
72
63
44
1
32
67
16
59
6
10
21
36
27
12
26
11
6
11
28
6
21
16
14
36
26
16
16
26
26
11
31
31
0
16
16
6
11
27
1
18
26
0
33
22
27
36
103
58
16
7
31
11
36
28
16
26
21
26
26
21
72
67
27
26
46
0
0
31
21
15
6
11
21
31
22
29
12
6
31
14
26
21
42
62
57
31
0
36
29
0
38
11
31
35
36
21
21
31
10
36
21
5
26
26
36
11
21
57
62
0
8
21
26
1
6
26
30
17
31
72
11
11
14
22
21
31
58
7
8
21
13
9
43
11
26
31
18
0
26
7
12
39
0
26
27
26
31
3
26
31
6
31
16
37
21
21
17
0
1
16
59
13
0
31
10
32
26
6
26
6
43
26
17
34
0
6
22
69
0
25
0
11
21
36
13
11
35
82
1
0
6
44
6
53
0
6
21
31
21
8
21
6
0
31
26
16
16
0
45
8
67
27
11
26
37
6
11
21
16
52
0
26
21
16
28
1
26
15
26
41
26
6
57
21
26
62
31
54
26
22
0
39
8
36
49
52
26
24
21
21
31
82
21
26
0
25
8
26
26
11
0
0
6
8
6
31
16
21
6
11
26
16
26
57
10
47
0
16
16
26
11
11
0
26
11
36
16
6
63
31
26
0
16
3
26
0
13
12
0
0
20
26
8
0
0
9
8
43
22
11
57
7
22
19
36
0
11
6
11
7
11
67
34
22
31
0
0
11
27
0
31
26
26
0
6
31
28
26
6
46
6
18
6
26
36
21
21
36
6
62
1
36
16
36
11
45
36
12
31
0
0
31
0
1
16
33
26
6
34
36
24
23
26
11
7
20
52
12
68
11
62
9
27
0
31
8
18
21
0
58
59
6
57
1
27
19
11
19
0
31
5
13
31
21
21
11
36
27
17
31
38
11
26
31
0
31
28
6
6
9
26
26
26
43
21
26
18
36
31
26
0
57
21
28
31
73
4
21
8
11
21
26
20
6
6
8
34
28
31
6
11
72
0
17
31
28
16
67
26
14
26
0
28
7
11
31
62
36
16
13
31
0
29
31
39
0
42
0
22
31
16
26
14
12
6
16
6
26
36
1
8
3
31
21
11
6
17
12
62
21
26
1
21
45
6
36
9
5
21
8
31
52
16
16
52
7
31
52
0
9
26
1
26
11
22
4
11
11
8
12
31
0
11
31
31
31
63
36
26
6
20
31
12
6
26
11
